px_state	py_state	v_state	yaw_angle_state	yaw_rate_state	sensor_type	NIS	px_measured	py_measured	px_ground_truth	py_ground_truth	vx_ground_truth	vy_ground_truth
0.312243	0.58034	0	0	0	lidar	6	0.312243	0.58034	0.6	0.6	5.19994	0
0.506693	0.478515	2.0582	1.94223e-018	-7.96e-019	radar	212.427	0.862916	0.534212	0.859997	0.600045	5.19975	0.00179686
1.08665	0.518048	2.06697	-0.000954331	-8.07143e-005	lidar	1.22876	1.17385	0.481073	1.11998	0.600225	5.19943	0.00538996
1.19196	0.467318	3.23267	0.131321	0.0252672	radar	42.6242	0.969149	0.397513	1.37996	0.600629	5.19898	0.0107781
1.46865	0.542159	3.25034	0.13466	0.0256852	lidar	1.64263	1.65063	0.62469	1.6399	0.601347	5.19839	0.0179597
1.67574	0.541737	3.93194	0.131654	0.0378291	radar	31.1019	1.62331	0.499091	1.89982	0.60247	5.19766	0.0269323
1.94745	0.59555	3.96012	0.128905	0.0367219	lidar	2.03309	2.18882	0.648739	2.1597	0.604086	5.19678	0.0376932
2.16255	0.616972	4.23872	0.13411	0.0517404	radar	11.3164	1.96701	0.557117	2.41954	0.606284	5.19573	0.0502389
2.42415	0.656548	4.26723	0.127666	0.0483947	lidar	1.64195	2.65526	0.66598	2.67932	0.609155	5.1945	0.0645654
2.70067	0.654825	4.48555	0.0915657	0.0413159	radar	9.57394	2.92034	0.645898	2.93904	0.612786	5.19309	0.080668
2.93681	0.672741	4.49495	0.0874076	0.0373521	lidar	0.2016	3.01222	0.637046	3.19869	0.617267	5.19147	0.0985415
3.23219	0.606155	4.65135	0.0113064	-0.0141198	radar	10.1982	3.56096	0.485311	3.45825	0.622685	5.18963	0.11818
3.5228	0.575757	4.69616	-0.0262646	-0.0472144	lidar	5.93986	3.89365	0.311793	3.71772	0.62913	5.18754	0.139576
3.81073	0.603742	4.8199	-0.000973203	0.0109627	radar	8.30348	4.19786	0.698311	3.97708	0.636689	5.18519	0.162724
4.0843	0.599811	4.84526	-0.00781469	0.00523698	lidar	1.46539	4.30935	0.578564	4.23632	0.645449	5.18256	0.187614
4.35317	0.619031	4.89322	0.00776598	0.0357202	radar	2.02794	4.61908	0.68951	4.49542	0.655498	5.17962	0.214238
4.56654	0.664823	4.86741	0.0418237	0.0801872	lidar	2.95126	4.35143	0.899174	4.75437	0.666921	5.17634	0.242587
4.83144	0.661216	4.88408	0.0343485	0.064828	radar	1.76347	5.20901	0.66599	5.01315	0.679804	5.1727	0.272649
5.12558	0.663228	4.92458	0.0294298	0.0570917	lidar	4.37454	5.51894	0.648233	5.27175	0.694234	5.16867	0.304413
5.38404	0.673251	4.96548	0.0376647	0.0705579	radar	3.1199	5.22834	0.639362	5.53013	0.710295	5.16422	0.337868
5.67394	0.68486	4.99949	0.0400666	0.0721391	lidar	3.41333	6.022	0.708619	5.78828	0.728072	5.15932	0.372999
5.92496	0.613883	4.99611	-0.00881587	-0.0113297	radar	2.49505	5.89392	0.373584	6.04618	0.747647	5.15393	0.409793
6.18926	0.683046	5.00838	0.035009	0.0593784	lidar	2.88592	6.34249	0.948833	6.30379	0.769103	5.14803	0.448233
6.44622	0.722319	5.01505	0.0565324	0.0886148	radar	0.699611	6.62134	0.836138	6.5611	0.792523	5.14157	0.488305
6.7049	0.73084	5.02214	0.056907	0.082794	lidar	0.176301	6.78214	0.714036	6.81808	0.817988	5.13452	0.52999
6.9598	0.712615	5.0126	0.0397855	0.0500093	radar	2.87302	7.29121	0.630741	7.07469	0.845578	5.12685	0.573269
7.19998	0.781949	5.00603	0.0776025	0.102235	lidar	1.13988	7.13735	0.957217	7.3309	0.875373	5.11851	0.618123
7.49315	0.799335	5.05479	0.080497	0.100129	radar	6.37538	8.08349	0.819605	7.58668	0.907449	5.10946	0.664531
7.75149	0.793065	5.0596	0.0696315	0.0772256	lidar	0.269043	7.80533	0.719126	7.84199	0.941886	5.09966	0.712469
8.01062	0.817805	5.05685	0.0764191	0.0808468	radar	2.77231	8.40453	0.884557	8.0968	0.978759	5.08907	0.761915
8.26056	0.838492	5.05584	0.0810409	0.0816641	lidar	0.00453189	8.24796	0.840322	8.35106	1.01814	5.07766	0.812843
8.52076	0.961009	5.08	0.141703	0.161991	radar	6.84125	8.45858	1.41118	8.60472	1.06011	5.06537	0.865226
8.76806	1.01245	5.07827	0.157976	0.173422	lidar	0.0596692	8.74615	1.04858	8.85775	1.10473	5.05216	0.919037
9.05978	1.0547	5.11266	0.164339	0.168287	radar	8.23562	9.8809	1.1419	9.1101	1.15208	5.03798	0.974245
9.30687	1.08478	5.10881	0.166229	0.159416	lidar	0.113645	9.25579	1.04913	9.36172	1.20223	5.0228	1.03082
9.58345	1.17518	5.13531	0.196564	0.187798	radar	5.17449	10.1016	1.52474	9.61255	1.25524	5.00656	1.08873
9.8486	1.28505	5.15048	0.235702	0.227792	lidar	1.953	10.0484	1.44598	9.86254	1.31118	4.98922	1.14794
10.1021	1.40062	5.15291	0.277988	0.27411	radar	4.36202	10.5377	1.72555	10.1117	1.37011	4.97074	1.20841
10.3396	1.4721	5.14673	0.292206	0.275256	lidar	0.229124	10.2492	1.45907	10.3598	1.4321	4.95106	1.2701
10.5786	1.58407	5.13836	0.33235	0.321782	radar	4.04565	10.9084	1.70343	10.6069	1.49721	4.93014	1.33298
10.8205	1.60916	5.12951	0.318086	0.281797	lidar	1.04681	10.7313	1.45265	10.853	1.56549	4.90794	1.39701
11.089	1.64905	5.14113	0.306399	0.24385	radar	2.30765	11.4783	1.42876	11.0979	1.637	4.8844	1.46213
11.3628	1.6825	5.15238	0.292165	0.207417	lidar	1.61638	11.587	1.61462	11.3416	1.71179	4.85948	1.52832
11.599	1.74425	5.14046	0.299991	0.209077	radar	1.04208	11.4763	1.53917	11.584	1.78992	4.83313	1.59551
11.8409	1.802	5.13523	0.301403	0.197453	lidar	0.205947	11.7788	1.74591	11.8251	1.87144	4.80531	1.66366
12.0907	1.89692	5.14573	0.315985	0.19841	radar	1.05823	12.136	2.14937	12.0647	1.95639	4.77598	1.73273
12.3435	1.9198	5.1398	0.296432	0.159632	lidar	0.668063	12.3226	1.78353	12.3029	2.04482	4.74508	1.80265
12.5983	1.96681	5.14379	0.285658	0.12946	radar	0.951215	12.5457	1.77728	12.5394	2.13677	4.71257	1.87338
12.812	2.09537	5.13569	0.323621	0.171731	lidar	1.65046	12.5924	2.17509	12.7743	2.23227	4.67842	1.94485
13.0689	2.20049	5.15524	0.334535	0.164235	radar	3.49438	13.2198	2.6644	13.0075	2.33137	4.64258	2.01701
13.2822	2.33647	5.14861	0.371423	0.202535	lidar	1.30374	13.0875	2.40708	13.2388	2.43409	4.605	2.08981
13.4572	2.53471	5.1268	0.451212	0.310411	radar	10.7153	12.7087	3.12439	13.4682	2.54047	4.56565	2.16317
13.7028	2.63111	5.13261	0.455901	0.295608	lidar	0.50193	13.836	2.62479	13.6955	2.65053	4.52448	2.23703
13.9218	2.75563	5.12796	0.480403	0.313297	radar	0.240838	13.8302	2.73893	13.9208	2.7643	4.48147	2.31134
14.1495	2.89072	5.13288	0.502464	0.32091	lidar	0.181462	14.2106	2.94205	14.1439	2.88179	4.43656	2.38601
14.4013	2.9747	5.14162	0.483739	0.259997	radar	1.55221	14.5568	2.87021	14.3646	3.00303	4.38974	2.46099
14.6236	3.05403	5.12815	0.479817	0.240412	lidar	1.36122	14.4616	2.90734	14.583	3.12802	4.34097	2.5362
14.8455	3.20927	5.1388	0.501207	0.240978	radar	3.64257	14.6754	3.96041	14.7989	3.25679	4.29021	2.61157
15.0513	3.38574	5.14399	0.539343	0.273439	lidar	0.550306	15.0261	3.5067	15.0122	3.38932	4.23744	2.68703
15.2579	3.56589	5.14941	0.581295	0.316999	radar	2.42511	15.3685	4.14761	15.2228	3.52563	4.18263	2.76249
15.4675	3.73728	5.1562	0.609671	0.33173	lidar	0.351176	15.5236	3.82936	15.4306	3.66572	4.12575	2.83789
15.685	3.86027	5.15203	0.61371	0.316334	radar	0.950854	15.7234	3.4105	15.6355	3.80957	4.06678	2.91315
15.9044	4.00062	5.15433	0.623119	0.307941	lidar	0.152724	15.9774	4.00094	15.8375	3.95719	4.00571	2.98817
16.0994	4.17731	5.15384	0.663879	0.358178	radar	1.82749	16.3376	4.21632	16.0363	4.10854	3.94251	3.0629
16.295	4.36186	5.15961	0.69215	0.369918	lidar	0.251298	16.3313	4.44499	16.2319	4.26363	3.87716	3.13723
16.5095	4.51489	5.1639	0.698228	0.350023	radar	0.709746	16.7586	4.48231	16.4242	4.42242	3.80966	3.21109
16.6934	4.68887	5.16073	0.721564	0.357778	lidar	0.230373	16.6039	4.67344	16.613	4.5849	3.74	3.28438
16.8354	4.92165	5.15712	0.80244	0.477387	radar	4.72743	16.9236	5.10119	16.7983	4.75103	3.66817	3.35704
17.0009	5.13335	5.16168	0.837527	0.489974	lidar	0.200602	16.9955	5.21099	16.9799	4.92077	3.59416	3.42897
17.1719	5.31257	5.15622	0.863741	0.503124	radar	1.83263	17.3421	4.64623	17.1579	5.09409	3.51797	3.50008
17.3365	5.49863	5.15147	0.885662	0.500521	lidar	0.173808	17.2894	5.43542	17.3319	5.27094	3.4396	3.57028
17.491	5.68467	5.14278	0.917956	0.526265	radar	3.51643	17.6463	4.74597	17.5019	5.45128	3.35907	3.63949
17.6851	5.82752	5.13189	0.914679	0.495088	lidar	1.70104	17.7853	5.62476	17.6679	5.63506	3.27637	3.70762
17.8164	6.05225	5.13206	0.966557	0.550523	radar	1.01423	17.9216	6.07151	17.8297	5.82221	3.19151	3.77458
17.99	6.23449	5.1298	0.97643	0.530943	lidar	0.723903	18.1263	6.16985	17.9872	6.01269	3.10453	3.84027
18.1341	6.45366	5.13335	1.00101	0.524769	radar	0.451169	18.1245	6.79027	18.1402	6.20641	3.01542	3.90462
18.2626	6.67357	5.1321	1.03013	0.528347	lidar	0.0642385	18.2164	6.66138	18.2888	6.40332	2.92421	3.96753
18.3884	6.89979	5.13344	1.06091	0.536901	radar	0.090375	18.4022	7.02231	18.4328	6.60333	2.83093	4.0289
18.5415	7.0639	5.114	1.06599	0.517736	lidar	2.77267	18.5422	6.76013	18.572	6.80638	2.7356	4.08867
18.6919	7.27406	5.11535	1.06618	0.467033	radar	0.720464	18.8089	7.24388	18.7064	7.01237	2.63825	4.14672
18.8833	7.42746	5.10093	1.05304	0.430202	lidar	4.08654	19.1441	7.18344	18.8359	7.22122	2.53893	4.20299
18.9486	7.66738	5.09292	1.1162	0.51002	radar	4.02563	18.5479	7.4012	18.9604	7.43283	2.43767	4.25737
19.0528	7.89601	5.09102	1.14316	0.512076	lidar	0.0618319	19.0138	7.8688	19.0798	7.64712	2.3345	4.3098
19.1707	8.11524	5.08806	1.15524	0.487113	radar	0.704362	19.3089	7.67375	19.1939	7.86397	2.22949	4.36017
19.2639	8.32668	5.07483	1.179	0.489286	lidar	1.54886	19.132	8.12845	19.3028	8.08329	2.12266	4.40842
19.3542	8.55219	5.06843	1.19317	0.46093	radar	2.82734	19.0239	8.17194	19.4062	8.30497	2.01409	4.45445
19.4599	8.72918	5.04045	1.2039	0.453231	lidar	5.34887	19.347	8.30741	19.5042	8.5289	1.90381	4.49819
19.5376	8.95991	5.03555	1.23609	0.476265	radar	1.19145	19.6843	8.35902	19.5966	8.75494	1.7919	4.53956
19.6945	9.1351	5.01805	1.2255	0.442102	lidar	4.87065	20.0039	8.8906	19.6835	8.983	1.67841	4.57848
19.7491	9.38078	5.01734	1.27012	0.487574	radar	0.630948	19.6061	9.48659	19.7645	9.21294	1.56341	4.61488
19.8814	9.58126	5.00757	1.26872	0.461123	lidar	2.81729	20.1574	9.45949	19.8398	9.44463	1.44697	4.64869
19.9032	9.83089	5.004	1.32901	0.534996	radar	2.16416	19.6163	9.76606	19.9093	9.67795	1.32916	4.67984
19.9993	10.0433	4.99368	1.33896	0.518565	lidar	1.33683	20.1573	9.90876	19.9728	9.91275	1.21005	4.70826
20.0499	10.3001	5.00023	1.35451	0.483413	radar	5.78629	19.1911	11.5493	20.0303	10.1489	1.08972	4.73389
20.1145	10.5323	4.99544	1.37287	0.478068	lidar	0.205228	20.166	10.4687	20.0818	10.3863	0.968259	4.75666
20.1125	10.7836	4.99229	1.42829	0.537395	radar	2.4368	19.6775	10.803	20.1271	10.6247	0.845742	4.77652
20.1807	11.0178	4.98969	1.44158	0.523408	lidar	1.08106	20.371	11.0109	20.1663	10.864	0.722256	4.7934
20.2034	11.2768	4.9951	1.46188	0.500502	radar	3.97878	19.4335	12.3402	20.1993	11.1041	0.597892	4.80727
20.2489	11.5016	4.98389	1.47864	0.49403	lidar	0.827667	20.3164	11.3483	20.2261	11.3449	0.472738	4.81807
20.171	11.7604	4.98226	1.57076	0.625228	radar	9.26041	19.2063	12.2418	20.2466	11.5861	0.346889	4.82575
20.2388	11.9844	4.97378	1.57644	0.600223	lidar	4.26511	20.6141	11.9422	20.2608	11.8275	0.220439	4.83027
20.2644	12.2261	4.96907	1.56518	0.500794	radar	4.35522	19.966	11.9688	20.2687	12.0692	0.093487	4.83159
20.2716	12.4744	4.96965	1.58711	0.497503	lidar	0.0994399	20.3263	12.4966	20.2701	12.3108	-0.0338694	4.82968
20.21	12.7176	4.96632	1.65473	0.587532	radar	2.84355	20.0192	12.4823	20.2652	12.5522	-0.161529	4.82451
20.2354	12.9472	4.95777	1.66749	0.572309	lidar	2.15051	20.498	12.8924	20.254	12.7933	-0.28939	4.81605
20.2229	13.1851	4.95326	1.69206	0.570604	radar	2.68561	20.9151	12.2555	20.2363	13.0339	-0.417348	4.80428
20.1974	13.404	4.93789	1.71917	0.572398	lidar	1.53694	20.1943	13.1688	20.2122	13.2738	-0.545298	4.78918
20.1518	13.6446	4.93538	1.74241	0.552822	radar	1.27545	19.858	13.5236	20.1818	13.5129	-0.673135	4.77072
20.1388	13.8819	4.93171	1.7596	0.543055	lidar	1.01381	20.3245	13.8896	20.1449	13.7509	-0.800753	4.74892
20.077	14.1145	4.92798	1.79888	0.570702	radar	1.06594	20.3387	13.5307	20.1017	13.9878	-0.928043	4.72374
20.0335	14.3497	4.925	1.82261	0.566453	lidar	0.233521	20.1216	14.337	20.0521	14.2233	-1.0549	4.69521
19.9552	14.5817	4.92242	1.85303	0.563461	radar	1.31562	19.6717	14.4038	19.9962	14.4573	-1.18121	4.66331
19.8692	14.8145	4.9221	1.88596	0.568304	lidar	0.271397	19.781	14.773	19.934	14.6897	-1.30687	4.62805
19.7975	15.0383	4.91449	1.90083	0.532298	radar	3.64455	20.1149	14.0165	19.8655	14.9202	-1.43177	4.58944
19.7597	15.2589	4.9037	1.91457	0.521565	lidar	2.08382	20.0208	15.2053	19.7908	15.1486	-1.55581	4.54751
19.6209	15.4678	4.90473	2.00676	0.68207	radar	7.52091	20.0157	15.3443	19.7099	15.3749	-1.67887	4.50226
19.5717	15.6708	4.88702	2.02527	0.669938	lidar	3.80079	19.9131	15.554	19.6229	15.5989	-1.80085	4.45372
19.4743	15.885	4.8815	2.04579	0.639248	radar	1.9323	19.9388	15.0864	19.5298	15.8203	-1.92164	4.40193
19.376	16.0905	4.87336	2.07418	0.637392	lidar	0.467744	19.4748	16.0098	19.4307	16.039	-2.04114	4.3469
19.2696	16.3068	4.86988	2.0808	0.57187	radar	2.15044	19.1556	16.0022	19.3257	16.2549	-2.15925	4.28868
19.1614	16.4933	4.85389	2.10931	0.575042	lidar	1.53255	19.238	16.2719	19.2148	16.4679	-2.27586	4.22731
19.0375	16.6965	4.85159	2.13846	0.577595	radar	0.514727	19.4007	16.2962	19.0981	16.6777	-2.39087	4.16284
18.9176	16.8927	4.84528	2.16467	0.576168	lidar	0.292012	19.0029	16.8387	18.9757	16.8841	-2.50418	4.0953
18.7604	17.0832	4.85096	2.23141	0.676514	radar	5.79949	18.8373	17.7112	18.8477	17.0872	-2.61571	4.02476
18.6091	17.2829	4.85659	2.26303	0.673223	lidar	0.279203	18.6148	17.3832	18.7142	17.2866	-2.72534	3.95127
18.5038	17.4998	4.85067	2.23188	0.519291	radar	6.58856	18.8177	17.0316	18.5752	17.4822	-2.83299	3.87489
18.3205	17.6755	4.85238	2.26883	0.529862	lidar	1.7834	18.1023	17.5529	18.4309	17.674	-2.93858	3.79568
18.1793	17.8701	4.84924	2.268	0.460951	radar	1.92663	18.2749	17.4877	18.2814	17.8617	-3.042	3.71372
18.0452	18.0535	4.84193	2.28524	0.456431	lidar	0.772479	18.2094	18.0461	18.1268	18.0453	-3.14318	3.62906
17.8625	18.2064	4.83772	2.33708	0.521812	radar	2.55186	18.3021	17.498	17.9671	18.2246	-3.24204	3.5418
17.718	18.3626	4.82166	2.36035	0.521507	lidar	1.5385	17.9018	18.2183	17.8026	18.3994	-3.3385	3.45199
17.5848	18.5532	4.81838	2.36505	0.487282	radar	6.81447	18.8558	18.1364	17.6334	18.5697	-3.43247	3.35973
17.4078	18.7181	4.81868	2.39057	0.488403	lidar	0.0210795	17.3845	18.7039	17.4595	18.7353	-3.5239	3.26509
17.2199	18.8596	4.81399	2.43085	0.522831	radar	2.17222	17.7945	18.0801	17.281	18.8962	-3.61271	3.16817
17.0519	19.0013	4.80197	2.45628	0.523873	lidar	0.804585	17.1762	18.8863	17.0983	19.0521	-3.69883	3.06904
16.8857	19.1765	4.80462	2.46591	0.495626	radar	2.72264	16.9398	19.7311	16.9113	19.203	-3.78221	2.9678
16.6809	19.2948	4.79735	2.50127	0.507355	lidar	1.98401	16.5734	19.052	16.7201	19.3488	-3.86278	2.86455
16.4918	19.4481	4.80216	2.52856	0.520941	radar	2.78864	16.1674	20.2201	16.5251	19.4894	-3.9405	2.75938
16.287	19.5869	4.8064	2.55515	0.520872	lidar	0.104837	16.2338	19.6171	16.3262	19.6246	-4.01531	2.65237
16.0532	19.6636	4.79928	2.61298	0.57671	radar	10.7014	16.4366	18.2742	16.1237	19.7545	-4.08716	2.54364
15.8539	19.7916	4.79941	2.63732	0.572155	lidar	0.315036	15.9243	19.8703	15.9176	19.8789	-4.15602	2.43329
15.6604	19.9215	4.79306	2.63397	0.492802	radar	3.51152	16.2328	19.2166	15.7082	19.9978	-4.22185	2.32141
15.4485	20.0519	4.80016	2.65424	0.487246	lidar	0.494707	15.4332	20.1836	15.4956	20.111	-4.28461	2.2081
15.2449	20.1942	4.80716	2.66243	0.459264	radar	5.50551	14.3677	21.3406	15.2799	20.2185	-4.34427	2.09347
15.0497	20.3186	4.8042	2.67758	0.45177	lidar	1.05822	15.2016	20.4385	15.0613	20.3203	-4.4008	1.97763
14.8179	20.3956	4.80291	2.71738	0.48237	radar	2.07629	14.7476	19.9571	14.84	20.4162	-4.4542	1.86068
14.6058	20.5054	4.80403	2.73631	0.476958	lidar	0.406448	14.6665	20.6088	14.6161	20.5063	-4.50443	1.74272
14.3747	20.5888	4.80792	2.77448	0.511581	radar	1.15301	13.841	21.0031	14.3897	20.5904	-4.55149	1.62386
14.1389	20.6626	4.81002	2.80442	0.515721	lidar	0.351155	14.0521	20.5924	14.1611	20.6686	-4.59537	1.50421
13.9071	20.7309	4.81137	2.84185	0.5445	radar	0.303067	13.8232	20.859	13.9304	20.7408	-4.63606	1.38386
13.6547	20.7898	4.81994	2.87465	0.548954	lidar	1.08478	13.4686	20.7253	13.6977	20.807	-4.67357	1.26294
13.4124	20.8132	4.81888	2.93556	0.624624	radar	2.09848	13.8263	20.4261	13.4632	20.8671	-4.70789	1.14153
13.1689	20.8552	4.82167	2.96868	0.626107	lidar	0.124955	13.1072	20.8294	13.2271	20.9211	-4.73904	1.01975
12.9431	20.9167	4.82039	2.98729	0.605792	radar	1.76193	13.2669	21.1579	12.9895	20.969	-4.76702	0.897694
12.7214	20.9631	4.81444	3.01184	0.600876	lidar	0.899491	12.8729	21.0592	12.7506	21.0108	-4.79186	0.775469
12.4769	21.0025	4.8204	3.03862	0.596932	radar	2.69085	11.5171	21.6724	12.5106	21.0465	-4.81358	0.653175
12.2334	21.0348	4.82482	3.06499	0.592532	lidar	0.183226	12.2062	21.11	12.2695	21.0761	-4.83219	0.530912
11.9994	21.0556	4.82326	3.09537	0.599754	radar	0.861974	12.3859	21.1066	12.0276	21.0996	-4.84773	0.408778
11.7524	21.0383	4.8221	3.13415	0.609177	lidar	0.994179	11.6814	20.8651	11.785	21.117	-4.86022	0.286869
11.5076	21.0202	4.82155	3.17005	0.614236	radar	1.07463	11.5265	20.6748	11.5418	21.1283	-4.86971	0.165281
11.2758	21.0163	4.8174	3.19818	0.612252	lidar	0.287122	11.363	21.0688	11.2982	21.1335	-4.87623	0.0441057
11.0245	20.9701	4.81985	3.23839	0.620327	radar	4.0754	10.5558	20.5567	11.0544	21.1327	-4.87982	-0.076565
10.796	20.9394	4.8131	3.27065	0.622872	lidar	0.252585	10.8903	20.927	10.8105	21.1259	-4.88053	-0.196643
10.544	20.9455	4.81729	3.26351	0.536251	radar	5.67813	9.30535	21.3896	10.5666	21.1131	-4.8784	-0.31604
10.2885	20.9551	4.83102	3.2749	0.517092	lidar	2.16844	10.189	21.209	10.3229	21.0943	-4.87349	-0.434674
10.051	20.9408	4.8311	3.29137	0.503478	radar	1.0885	9.97958	21.2932	10.0795	21.0697	-4.86585	-0.552463
9.82982	20.9085	4.82127	3.31459	0.50293	lidar	0.902584	9.99634	20.9797	9.83658	21.0391	-4.85554	-0.669327
9.5865	20.91	4.81978	3.30032	0.418669	radar	2.06114	9.38223	21.111	9.59422	21.0028	-4.84262	-0.785189
9.36852	20.866	4.808	3.32325	0.422421	lidar	0.81255	9.53921	20.8762	9.35258	20.9607	-4.82714	-0.899977
9.14052	20.829	4.80472	3.34568	0.432046	radar	1.65778	9.63392	20.9724	9.11177	20.9128	-4.80919	-1.01362
8.8839	20.789	4.81821	3.36231	0.42516	lidar	0.951958	8.70331	20.8221	8.87192	20.8594	-4.78881	-1.12605
8.66439	20.7054	4.81119	3.4002	0.454273	radar	4.57951	9.84634	20.009	8.63315	20.8003	-4.76608	-1.2372
8.41497	20.6257	4.82239	3.42745	0.45786	lidar	1.56734	8.22277	20.4839	8.39557	20.7358	-4.74108	-1.34701
8.18853	20.5425	4.8226	3.46203	0.483087	radar	0.201642	8.29647	20.4978	8.1593	20.6657	-4.71387	-1.45542
7.95323	20.4643	4.82722	3.4855	0.481811	lidar	0.130785	7.88599	20.45	7.92445	20.5903	-4.68453	-1.56237
7.73997	20.3784	4.82422	3.52608	0.526897	radar	3.54161	8.29081	20.6565	7.69111	20.5096	-4.65313	-1.66781
7.47717	20.3106	4.84685	3.53952	0.509922	lidar	2.72237	7.18029	20.392	7.45939	20.4237	-4.61975	-1.7717
7.25257	20.2104	4.84819	3.5641	0.505268	radar	0.272014	7.09214	20.1196	7.22939	20.3326	-4.58448	-1.87399
7.00553	20.1266	4.86272	3.57969	0.492594	lidar	1.14902	6.81542	20.1859	7.00119	20.2364	-4.54738	-1.97462
6.78518	20.0353	4.8607	3.59513	0.475855	radar	0.32324	6.89359	20.1536	6.7749	20.1352	-4.50854	-2.07357
6.54391	19.9451	4.87265	3.60904	0.463234	lidar	0.842559	6.38914	20.0137	6.55059	20.0292	-4.46805	-2.17079
6.33084	19.8542	4.86825	3.62661	0.460219	radar	2.46652	6.67637	20.2142	6.32834	19.9183	-4.42598	-2.26625
6.08248	19.7613	4.88495	3.63645	0.443385	lidar	1.57533	5.86119	19.8306	6.10823	19.8027	-4.38241	-2.35993
5.87506	19.6062	4.89316	3.68837	0.503207	radar	2.53479	5.28178	19.5036	5.89034	19.6824	-4.33744	-2.45178
5.66646	19.4886	4.89174	3.70914	0.498531	lidar	0.228961	5.69089	19.5755	5.67472	19.5577	-4.29114	-2.5418
5.47497	19.333	4.88979	3.74673	0.518051	radar	1.38472	5.9506	18.9859	5.46145	19.4284	-4.24359	-2.62995
5.25081	19.229	4.89608	3.75532	0.497772	lidar	1.52021	5.17021	19.4397	5.25059	19.2948	-4.19488	-2.71622
5.04932	19.1232	4.88437	3.75336	0.445824	radar	4.15311	5.87397	19.301	5.04219	19.157	-4.1451	-2.80059
4.85654	18.9791	4.88181	3.77735	0.448095	lidar	0.0352767	4.89149	18.982	4.8363	19.015	-4.09432	-2.88305
4.65703	18.8293	4.88833	3.8079	0.470512	radar	1.76703	3.98679	19.0452	4.63297	18.8689	-4.04263	-2.96359
4.45908	18.6964	4.88727	3.82306	0.461117	lidar	0.542874	4.4685	18.834	4.43224	18.7188	-3.99012	-3.0422
4.26586	18.5571	4.88098	3.82695	0.419012	radar	1.21796	4.69245	18.4634	4.23416	18.5648	-3.93685	-3.11888
4.10095	18.4013	4.86887	3.85291	0.426286	lidar	0.903058	4.26269	18.481	4.03876	18.4071	-3.88293	-3.19362
3.93298	18.2285	4.87522	3.90963	0.512732	radar	7.10778	3.42434	18.8357	3.84606	18.2457	-3.82841	-3.26644
3.70924	18.0872	4.89258	3.91309	0.484958	lidar	2.09998	3.45919	18.167	3.65611	18.0807	-3.77339	-3.33732
3.53259	17.9385	4.88081	3.91404	0.435009	radar	3.14498	4.3011	17.9267	3.46891	17.9122	-3.71795	-3.40627
3.32444	17.7777	4.89527	3.92286	0.418053	lidar	1.18081	3.12525	17.7493	3.28449	17.7402	-3.66215	-3.47331
3.15932	17.5942	4.90171	3.96547	0.470032	radar	2.67849	2.65664	17.888	3.10287	17.565	-3.60609	-3.53844
2.96417	17.464	4.89884	3.96486	0.442406	lidar	3.56144	2.9449	17.8154	2.92405	17.3866	-3.54982	-3.60167
2.84358	17.2403	4.90085	4.03236	0.527571	radar	2.69236	3.26647	17.0897	2.74805	17.2051	-3.49344	-3.66302
2.66709	17.0604	4.90834	4.04773	0.513769	lidar	0.413596	2.55407	17.0853	2.57486	17.0205	-3.437	-3.72251
2.48945	16.897	4.90089	4.03538	0.437697	radar	2.18142	2.55039	16.8884	2.4045	16.833	-3.38059	-3.78014
2.31582	16.7245	4.90333	4.04451	0.42216	lidar	0.482051	2.25371	16.8334	2.23695	16.6427	-3.32428	-3.83595
2.13781	16.5307	4.91093	4.04327	0.373811	radar	5.21653	1.57735	16.0489	2.07221	16.4497	-3.26812	-3.88995
1.98369	16.3166	4.9212	4.06634	0.377764	lidar	1.45263	1.88972	16.1054	1.91027	16.254	-3.21219	-3.94216
1.81195	16.1442	4.91731	4.05851	0.32874	radar	0.82298	1.74362	16.2687	1.75112	16.0557	-3.15656	-3.99261
1.61616	15.9763	4.9262	4.05135	0.2997	lidar	1.28823	1.44745	16.0853	1.59474	15.8549	-3.10129	-4.04132
1.51403	15.738	4.93213	4.11448	0.388359	radar	2.33527	1.6097	15.5526	1.44111	15.6517	-3.04644	-4.08832
1.34751	15.5328	4.94507	4.12402	0.375559	lidar	1.06442	1.18395	15.4284	1.29021	15.4463	-2.99207	-4.13364
1.18851	15.3437	4.94613	4.12751	0.353345	radar	1.02922	0.828993	15.528	1.14201	15.2386	-2.93825	-4.1773
0.998345	15.1416	4.9669	4.12475	0.327142	lidar	2.71603	0.722706	15.0075	0.996486	15.0288	-2.88503	-4.21933
0.841673	14.9616	4.95848	4.11567	0.28022	radar	1.57091	1.03147	15.2134	0.853604	14.8169	-2.83246	-4.25977
0.713164	14.7487	4.95812	4.13462	0.286071	lidar	0.0763858	0.737301	14.7047	0.71333	14.603	-2.78061	-4.29864
0.625272	14.5013	4.96452	4.1918	0.362982	radar	2.25942	0.722177	14.2445	0.575628	14.3872	-2.72952	-4.33598
0.460025	14.2898	4.97953	4.19336	0.342203	lidar	1.4729	0.253435	14.2029	0.440459	14.1696	-2.67925	-4.37181
0.371086	14.0387	4.99349	4.25579	0.434544	radar	4.40057	-0.0328023	13.9604	0.307779	13.9502	-2.62984	-4.40617
0.30855	13.7915	4.98763	4.29893	0.460557	lidar	1.07616	0.459172	13.6856	0.177545	13.7292	-2.58135	-4.43909
0.224718	13.5509	4.9948	4.34258	0.504678	radar	1.49749	0.0524412	13.6377	0.0497099	13.5065	-2.53381	-4.47061
0.0705373	13.3304	5.01134	4.33844	0.466139	lidar	2.17415	-0.190344	13.2856	-0.0757753	13.2823	-2.48728	-4.50075
-0.0510084	13.1124	5.0099	4.33717	0.423702	radar	0.879306	-0.275043	13.1456	-0.198962	13.0566	-2.44179	-4.52955
-0.101518	12.8747	4.99978	4.37547	0.446787	lidar	0.759515	0.0462308	12.9301	-0.319903	12.8295	-2.39739	-4.55704
-0.238291	12.6506	5.00344	4.35804	0.376694	radar	3.87933	-0.684792	12.3563	-0.438654	12.6011	-2.35412	-4.58326
-0.355793	12.4181	5.01182	4.3619	0.356373	lidar	0.53571	-0.476482	12.3633	-0.555273	12.3714	-2.31202	-4.60823
-0.50525	12.2137	5.00982	4.33824	0.293443	radar	3.39011	-0.972122	12.5207	-0.669818	12.1404	-2.27111	-4.63198
-0.594608	11.985	5.00723	4.35232	0.293028	lidar	0.081532	-0.582624	12.0386	-0.78235	11.9083	-2.23144	-4.65456
-0.737762	11.7613	5.01488	4.33608	0.247472	radar	2.70851	-1.26757	11.6495	-0.892931	11.6751	-2.19304	-4.67598
-0.90214	11.531	5.03313	4.31582	0.205236	lidar	2.74818	-1.17212	11.3988	-1.00163	11.4409	-2.15594	-4.69628
-1.02011	11.3005	5.03222	4.30067	0.151029	radar	2.62354	-0.891441	10.959	-1.1085	11.2057	-2.12017	-4.71549
-1.17853	11.078	5.04375	4.28241	0.119331	lidar	1.48817	-1.39289	11.0424	-1.21362	10.9695	-2.08575	-4.73364
-1.23801	10.8306	5.04782	4.32958	0.198328	radar	1.71642	-1.29894	10.9012	-1.31706	10.7324	-2.05273	-4.75075
-1.359	10.587	5.0608	4.3299	0.186809	lidar	1.31002	-1.49687	10.4198	-1.41889	10.4945	-2.02111	-4.76686
-1.42651	10.3266	5.07274	4.36852	0.243948	radar	2.43242	-1.59293	10.0212	-1.51917	10.2559	-1.99093	-4.78198
-1.53644	10.1036	5.07098	4.368	0.229205	lidar	0.723407	-1.61875	10.2374	-1.61797	10.0165	-1.96221	-4.79615
-1.62904	9.87246	5.06763	4.37061	0.212166	radar	0.204631	-1.59702	9.96554	-1.71539	9.77637	-1.93498	-4.80939
-1.71894	9.6409	5.06527	4.3776	0.207975	lidar	0.152653	-1.73381	9.71347	-1.81147	9.53564	-1.90924	-4.82172
-1.82274	9.39726	5.07702	4.39109	0.228766	radar	3.15385	-2.27191	9.37316	-1.90631	9.29431	-1.88502	-4.83316
-1.89856	9.12559	5.09372	4.40801	0.234474	lidar	3.4659	-1.93833	8.77028	-1.99998	9.05243	-1.86233	-4.84374
-1.99455	8.89985	5.08658	4.39931	0.19567	radar	1.07782	-1.96565	9.13274	-2.09256	8.81003	-1.8412	-4.85347
-2.08841	8.65085	5.09495	4.4031	0.187932	lidar	0.552957	-2.1768	8.5411	-2.18412	8.56717	-1.82164	-4.86238
-2.21738	8.40588	5.11004	4.39197	0.163703	radar	3.88339	-2.65862	8.19477	-2.27474	8.32388	-1.80365	-4.87047
-2.28257	8.16096	5.10784	4.40628	0.171198	lidar	0.126345	-2.21875	8.15339	-2.3645	8.0802	-1.78726	-4.87778
-2.35702	7.94154	5.09282	4.40927	0.160349	radar	4.26654	-2.273	8.52315	-2.45348	7.83617	-1.77248	-4.8843
-2.45832	7.69404	5.1021	4.40716	0.147886	lidar	0.788277	-2.59674	7.60288	-2.54177	7.59184	-1.75931	-4.89006
-2.63947	7.46751	5.11409	4.34985	0.0387983	radar	5.84944	-3.08256	7.38874	-2.62944	7.34723	-1.74777	-4.89507
-2.73793	7.21669	5.12312	4.35007	0.0365769	lidar	0.73304	-2.79865	7.064	-2.71658	7.10238	-1.73786	-4.89933
-2.79668	6.97729	5.11736	4.37739	0.0876131	radar	1.23202	-2.79412	7.20818	-2.80326	6.85734	-1.72958	-4.90286
-2.86265	6.7442	5.10784	4.38724	0.0936831	lidar	0.801724	-2.74651	6.86867	-2.88957	6.61214	-1.72295	-4.90566
-2.93914	6.50969	5.09872	4.37268	0.0379908	radar	3.97427	-2.57673	6.36755	-2.97559	6.36681	-1.71797	-4.90774
-3.00624	6.26433	5.09708	4.38162	0.0457768	lidar	0.350544	-2.90217	6.22989	-3.0614	6.12139	-1.71464	-4.90911
-3.12256	6.02319	5.10731	4.37763	0.0494663	radar	3.07382	-3.50172	6.10796	-3.14709	5.87592	-1.71297	-4.90976
-3.19835	5.76139	5.11743	4.38543	0.0553843	lidar	1.46091	-3.1778	5.53101	-3.23274	5.63043	-1.71295	-4.9097
-3.30746	5.51434	5.12535	4.3625	-0.00211441	radar	2.27794	-3.19736	5.19093	-3.31843	5.38496	-1.71458	-4.90893
-3.3967	5.26075	5.1335	4.36351	-0.000777032	lidar	0.686306	-3.43031	5.10507	-3.40424	5.13955	-1.71787	-4.90745
-3.46231	5.01063	5.13416	4.38338	0.0409063	radar	0.43996	-3.4281	4.94644	-3.49026	4.89422	-1.72281	-4.90525
-3.55759	4.75048	5.14808	4.38339	0.0391179	lidar	1.91546	-3.69435	4.52196	-3.57657	4.64902	-1.72939	-4.90233
-3.6677	4.49996	5.15782	4.35804	-0.0250671	radar	2.7292	-3.50501	4.17643	-3.66325	4.40398	-1.73763	-4.89868
-3.77949	4.24582	5.17174	4.35124	-0.0303168	lidar	2.41807	-4.00238	4.04684	-3.75039	4.15913	-1.74749	-4.8943
-3.86815	4.00218	5.17314	4.3622	0.00424397	radar	1.00283	-4.06447	4.10977	-3.83806	3.91452	-1.75899	-4.88918
-3.94891	3.75719	5.17218	4.36509	0.00686674	lidar	0.13139	-3.88053	3.75177	-3.92635	3.67019	-1.77212	-4.8833
-4.06421	3.54373	5.1609	4.33818	-0.0506637	radar	2.96921	-4.23729	3.88878	-4.01533	3.42616	-1.78686	-4.87666
-4.15607	3.29687	5.16441	4.33739	-0.0486911	lidar	0.163332	-4.15119	3.21968	-4.10509	3.18248	-1.8032	-4.86925
-4.27167	3.0463	5.17668	4.31949	-0.0850921	radar	1.30973	-4.27467	2.88187	-4.19571	2.93919	-1.82113	-4.86104
-4.36012	2.78567	5.18704	4.32161	-0.077841	lidar	1.55498	-4.32451	2.55034	-4.28727	2.69633	-1.84065	-4.85202
-4.4483	2.53106	5.19347	4.32962	-0.0521811	radar	0.632383	-4.38481	2.39989	-4.37985	2.45393	-1.86173	-4.84218
-4.54622	2.27651	5.20258	4.32909	-0.0491017	lidar	1.0264	-4.61223	2.09192	-4.47352	2.21205	-1.88436	-4.83149
-4.65865	2.04043	5.20367	4.29629	-0.131826	radar	3.58112	-4.29257	1.92854	-4.56836	1.97072	-1.90853	-4.81994
-4.76618	1.78493	5.21586	4.29246	-0.127507	lidar	1.94671	-4.86829	1.53442	-4.66444	1.72998	-1.93422	-4.80751
-4.89109	1.53873	5.2273	4.27099	-0.166205	radar	1.20964	-4.98165	1.43611	-4.76186	1.48989	-1.9614	-4.79417
-4.97024	1.29061	5.22478	4.27364	-0.154994	lidar	2.54113	-4.66779	1.28643	-4.86066	1.25049	-1.99007	-4.7799
-5.06949	1.05806	5.21821	4.27678	-0.127293	radar	0.504401	-4.98594	1.10894	-4.96095	1.01182	-2.02019	-4.76468
-5.14761	0.810891	5.21508	4.28111	-0.115939	lidar	2.38086	-4.85498	0.825661	-5.06277	0.77393	-2.05174	-4.74848
-5.22671	0.523881	5.23929	4.28953	-0.1065	radar	7.00642	-4.84736	0.18101	-5.16621	0.536876	-2.08471	-4.73127
-5.31161	0.275496	5.23853	4.29247	-0.0970886	lidar	1.01029	-5.1231	0.257311	-5.27133	0.300706	-2.11906	-4.71303
-5.42654	0.0401677	5.23754	4.30183	-0.0473646	radar	5.88973	-5.99809	-0.290765	-5.3782	0.0654719	-2.15477	-4.69374
-5.50509	-0.210491	5.23657	4.30902	-0.0361469	lidar	1.18945	-5.29972	-0.212982	-5.4869	-0.168772	-2.1918	-4.67335
-5.6339	-0.411863	5.21836	4.28888	-0.0635437	radar	2.8981	-5.64447	-0.144522	-5.59748	-0.401971	-2.23014	-4.65185
-5.76265	-0.62739	5.21007	4.27469	-0.0773394	lidar	1.17919	-5.85359	-0.445801	-5.71001	-0.634069	-2.26974	-4.62919
-5.87444	-0.855661	5.20734	4.24968	-0.139584	radar	5.37524	-5.30947	-0.724468	-5.82456	-0.865006	-2.31058	-4.60536
-5.97044	-1.10823	5.21455	4.25355	-0.125744	lidar	0.984301	-5.87835	-1.26863	-5.94118	-1.09472	-2.35262	-4.58032
-6.04651	-1.37559	5.22533	4.26755	-0.0995303	radar	3.22989	-5.68069	-1.52871	-6.05993	-1.32316	-2.39581	-4.55404
-6.17762	-1.59719	5.22163	4.25372	-0.110943	lidar	0.491937	-6.27263	-1.50938	-6.18087	-1.55025	-2.44014	-4.52648
-6.32409	-1.81802	5.22638	4.2085	-0.210708	radar	4.02106	-6.11355	-1.75966	-6.30406	-1.77593	-2.48555	-4.49762
-6.43315	-2.05919	5.22968	4.20696	-0.198949	lidar	0.435294	-6.34007	-2.13685	-6.42954	-2.00014	-2.532	-4.46742
-6.59284	-2.26394	5.22339	4.18459	-0.208732	radar	2.65546	-6.99344	-2.17445	-6.55738	-2.22281	-2.57946	-4.43585
-6.73629	-2.48128	5.22192	4.16872	-0.215955	lidar	0.13349	-6.79288	-2.4458	-6.68761	-2.44386	-2.62788	-4.40288
-6.89737	-2.69005	5.22136	4.14396	-0.23821	radar	0.882696	-7.14408	-2.67584	-6.82029	-2.66323	-2.6772	-4.36847
-6.99646	-2.94114	5.22864	4.15493	-0.20728	lidar	1.93693	-6.8003	-3.10086	-6.95546	-2.88084	-2.7274	-4.3326
-7.12218	-3.17061	5.2279	4.15804	-0.17809	radar	0.330643	-7.13937	-3.22028	-7.09316	-3.09663	-2.7784	-4.29523
-7.24835	-3.38628	5.2204	4.15141	-0.175479	lidar	0.832176	-7.12118	-3.26434	-7.23344	-3.3105	-2.83017	-4.25632
-7.39193	-3.627	5.23413	4.14894	-0.163896	radar	4.37829	-7.77186	-4.08999	-7.37632	-3.5224	-2.88265	-4.21586
-7.54868	-3.80922	5.21587	4.12387	-0.18741	lidar	2.90013	-7.49009	-3.49081	-7.52184	-3.73223	-2.93579	-4.1738
-7.69128	-4.0201	5.21251	4.11205	-0.194006	radar	0.576075	-7.52393	-3.88213	-7.67004	-3.93992	-2.98953	-4.13012
-7.84117	-4.23906	5.21613	4.10323	-0.192672	lidar	0.13412	-7.88049	-4.29783	-7.82094	-4.14538	-3.04381	-4.08479
-7.98972	-4.45819	5.21873	4.09773	-0.184215	radar	0.299331	-8.08524	-4.57834	-7.97457	-4.34854	-3.09857	-4.03778
-8.14458	-4.68067	5.22606	4.09046	-0.181337	lidar	0.544094	-8.22492	-4.79812	-8.13095	-4.5493	-3.15376	-3.98906
-8.27764	-4.90312	5.21934	4.10682	-0.123088	radar	2.50391	-8.453	-4.95621	-8.2901	-4.74759	-3.2093	-3.93862
-8.41264	-5.1226	5.21784	4.10727	-0.114229	lidar	0.180066	-8.33552	-5.1059	-8.45204	-4.94331	-3.26514	-3.88641
-8.55747	-5.31257	5.19766	4.10855	-0.0849741	radar	4.69089	-8.55062	-4.79248	-8.61678	-5.13637	-3.32121	-3.83242
-8.74101	-5.50701	5.19949	4.08598	-0.109496	lidar	0.908326	-8.91477	-5.51752	-8.78433	-5.32669	-3.37745	-3.77663
-8.89603	-5.71421	5.19681	4.08358	-0.0981312	radar	0.456645	-9.04115	-5.69364	-8.95469	-5.51417	-3.43377	-3.71901
-9.05714	-5.90707	5.19051	4.07083	-0.108635	lidar	0.324344	-9.03391	-5.80267	-9.12788	-5.69872	-3.49012	-3.65955
-9.18568	-6.09566	5.16522	4.08164	-0.0686414	radar	7.86763	-8.86897	-5.41973	-9.30388	-5.88026	-3.54643	-3.59823
-9.37726	-6.23302	5.14072	4.04288	-0.115747	lidar	4.96225	-9.30811	-5.82368	-9.4827	-6.05868	-3.60261	-3.53503
-9.54682	-6.42759	5.13844	4.0366	-0.109034	radar	1.0245	-9.80646	-6.41174	-9.66432	-6.23389	-3.6586	-3.46994
-9.69948	-6.62441	5.13402	4.03327	-0.106279	lidar	0.261675	-9.62547	-6.55958	-9.84874	-6.4058	-3.71431	-3.40295
-9.94032	-6.76747	5.13545	3.97801	-0.178371	radar	6.62694	-10.6688	-6.35543	-10.0359	-6.57431	-3.76969	-3.33404
-10.1456	-6.92497	5.13099	3.94726	-0.207462	lidar	0.499959	-10.2246	-6.83402	-10.2259	-6.73933	-3.82463	-3.26321
-10.3288	-7.08944	5.12352	3.92819	-0.220363	radar	1.5476	-10.2205	-6.71044	-10.4186	-6.90075	-3.87907	-3.19046
-10.5537	-7.24615	5.12866	3.89415	-0.250671	lidar	1.33238	-10.7616	-7.29159	-10.614	-7.05849	-3.93293	-3.11577
-10.7676	-7.38189	5.12069	3.85901	-0.281975	radar	2.43381	-10.8944	-6.83335	-10.8121	-7.21245	-3.98613	-3.03916
-11.006	-7.52274	5.12663	3.82055	-0.313895	lidar	1.43272	-11.2219	-7.56979	-11.0128	-7.36252	-4.03859	-2.96062
-11.1953	-7.67004	5.11359	3.80571	-0.311649	radar	1.87973	-10.986	-7.3707	-11.2161	-7.50862	-4.09021	-2.88015
-11.3608	-7.83112	5.10052	3.80381	-0.295107	lidar	2.59831	-11.0934	-7.6776	-11.422	-7.65064	-4.14093	-2.79777
-11.563	-7.95791	5.08563	3.77898	-0.308584	radar	2.86785	-11.4213	-7.46085	-11.6304	-7.78849	-4.19066	-2.71349
-11.761	-8.07346	5.06849	3.7518	-0.32677	lidar	3.20991	-11.5269	-7.8215	-11.8413	-7.92208	-4.23932	-2.6273
-11.9696	-8.18693	5.04792	3.72426	-0.342649	radar	4.1091	-11.9422	-7.88317	-12.0546	-8.05131	-4.28682	-2.53924
-12.1949	-8.27948	5.03734	3.68431	-0.374669	lidar	1.36254	-12.09	-8.08828	-12.2702	-8.17609	-4.33309	-2.44932
-12.4206	-8.39279	5.0405	3.65788	-0.382916	radar	1.71462	-12.4462	-8.02117	-12.4881	-8.29633	-4.37802	-2.35756
-12.6369	-8.4784	5.02603	3.62341	-0.405808	lidar	2.55187	-12.4231	-8.2599	-12.7082	-8.41193	-4.42156	-2.26399
-12.8681	-8.5438	5.00705	3.57401	-0.454681	radar	3.90979	-12.7461	-8.19449	-12.9304	-8.5228	-4.4636	-2.16863
-13.1254	-8.62226	5.01433	3.53382	-0.476004	lidar	0.809266	-13.2911	-8.64594	-13.1547	-8.62886	-4.50407	-2.07151
-13.3765	-8.70458	5.02241	3.50366	-0.479097	radar	1.56805	-13.7929	-8.47158	-13.381	-8.73002	-4.54289	-1.97267
-13.6042	-8.75847	5.00985	3.46581	-0.500167	lidar	2.23272	-13.384	-8.57583	-13.6092	-8.82619	-4.57997	-1.87214
-13.8554	-8.75477	4.99215	3.38746	-0.590722	radar	5.45551	-13.6376	-8.26344	-13.8392	-8.91729	-4.61524	-1.76997
-14.0666	-8.87156	4.9893	3.39135	-0.548875	lidar	0.727305	-13.9959	-8.99264	-14.0709	-9.00324	-4.64861	-1.6662
-14.3048	-8.96607	4.99752	3.39491	-0.488829	radar	2.02344	-14.4737	-8.79552	-14.3043	-9.08395	-4.68001	-1.56086
-14.5183	-9.08059	4.9925	3.40011	-0.453134	lidar	0.704969	-14.4273	-9.1875	-14.5391	-9.15936	-4.70936	-1.45402
-14.755	-9.1382	4.98833	3.37231	-0.466642	radar	0.476913	-14.5757	-9.32634	-14.7754	-9.22939	-4.73658	-1.34573
-15.017	-9.146	4.99176	3.32503	-0.495644	lidar	0.450469	-15.062	-9.04396	-15.013	-9.29397	-4.76161	-1.23603
-15.2689	-9.22538	5.00078	3.31943	-0.466856	radar	3.62046	-15.6189	-9.69365	-15.2517	-9.35302	-4.78436	-1.125
-15.5083	-9.33757	5.00587	3.33049	-0.423046	lidar	2.34283	-15.6682	-9.56749	-15.4916	-9.40649	-4.80476	-1.01269
-15.7627	-9.34639	5.00463	3.28005	-0.477707	radar	1.59536	-15.9382	-9.35751	-15.7324	-9.45431	-4.82275	-0.899159
-16.0029	-9.43318	5.0058	3.28281	-0.444549	lidar	1.06724	-16.0862	-9.59819	-15.9741	-9.49642	-4.83827	-0.784484
-16.2627	-9.41833	5.00782	3.23098	-0.490912	radar	1.80471	-16.6033	-8.85459	-16.2164	-9.53277	-4.85124	-0.668734
-16.5075	-9.42452	5.00446	3.20037	-0.499176	lidar	0.279189	-16.4229	-9.37029	-16.4594	-9.5633	-4.8616	-0.55198
-16.7383	-9.39957	4.99119	3.15191	-0.540955	radar	5.64343	-16.011	-9.33486	-16.7027	-9.58797	-4.8693	-0.434301
-16.9969	-9.40082	4.9968	3.12597	-0.538148	lidar	0.389742	-17.1132	-9.43043	-16.9464	-9.60673	-4.87427	-0.315773
-17.2421	-9.49067	4.99741	3.15474	-0.453896	radar	8.16626	-16.9255	-10.8571	-17.1903	-9.61954	-4.87646	-0.196479
-17.4924	-9.51044	4.9983	3.14069	-0.44358	lidar	0.204798	-17.5448	-9.57485	-17.4342	-9.62636	-4.87583	-0.0765024
-17.7509	-9.49419	5.00303	3.10611	-0.468012	radar	1.42441	-18.1371	-9.39146	-17.6781	-9.62717	-4.87232	0.0440703
-18.0001	-9.46824	5.00305	3.07651	-0.475239	lidar	0.0864178	-17.9724	-9.42299	-17.9216	-9.62194	-4.86588	0.165151
-18.2476	-9.41681	5.00254	3.02942	-0.517371	radar	0.574121	-18.3083	-9.18778	-18.1648	-9.61064	-4.85648	0.286648
-18.4709	-9.44791	4.98612	3.02836	-0.492821	lidar	1.9751	-18.2763	-9.60997	-18.4074	-9.59325	-4.84408	0.40847
-18.7086	-9.43365	4.98029	3.01985	-0.459891	radar	2.03159	-18.2443	-9.58547	-18.6493	-9.56977	-4.82864	0.530522
-18.9523	-9.4285	4.97708	3.00821	-0.44773	lidar	0.249627	-18.9545	-9.51544	-18.8904	-9.54017	-4.81012	0.652707
-19.1842	-9.37949	4.97019	2.98634	-0.43669	radar	4.24228	-18.6983	-9.02886	-19.1305	-9.50447	-4.78851	0.774927
-19.4228	-9.28364	4.97107	2.94161	-0.462481	lidar	1.51529	-19.2983	-9.09865	-19.3694	-9.46265	-4.76378	0.897083
-19.6582	-9.1908	4.97047	2.88927	-0.515529	radar	1.09666	-19.7037	-8.79906	-19.6069	-9.41472	-4.73591	1.01907
-19.8976	-9.08856	4.97445	2.84885	-0.531031	lidar	0.517379	-19.8731	-8.96417	-19.8431	-9.36071	-4.70487	1.1408
-20.132	-8.97707	4.97749	2.80987	-0.540531	radar	4.836	-20.3815	-7.6755	-20.0775	-9.30061	-4.67066	1.26215
-20.3454	-9.05069	4.94441	2.83892	-0.487778	lidar	10.5509	-20.1607	-9.59663	-20.3102	-9.23446	-4.63328	1.38303
-20.588	-9.00928	4.94363	2.83488	-0.455222	radar	1.75235	-20.4587	-9.7448	-20.5409	-9.16227	-4.59271	1.50334
-20.8095	-8.92872	4.93682	2.80886	-0.460386	lidar	0.616154	-20.6596	-8.91527	-20.7696	-9.08409	-4.54895	1.62296
-21.0515	-8.84176	4.94319	2.78148	-0.471784	radar	1.93002	-21.5568	-8.5005	-20.9959	-8.99994	-4.50202	1.74179
-21.2605	-8.77239	4.92781	2.76157	-0.471257	lidar	1.77136	-21.0195	-8.85081	-21.2198	-8.90987	-4.45191	1.85972
-21.4948	-8.67615	4.93226	2.73109	-0.490643	radar	1.46181	-21.8628	-8.64129	-21.4412	-8.81393	-4.39865	1.97666
-21.7034	-8.63496	4.91122	2.7242	-0.476153	lidar	2.84378	-21.5029	-8.87191	-21.6597	-8.71217	-4.34224	2.0925
-21.8944	-8.4549	4.91123	2.64003	-0.590662	radar	5.96584	-21.9514	-7.41274	-21.8754	-8.60465	-4.2827	2.20712
-22.0992	-8.38004	4.89612	2.62415	-0.579272	lidar	1.5157	-21.9793	-8.57089	-22.0881	-8.49143	-4.22007	2.32043
-22.3111	-8.25984	4.89487	2.61109	-0.536807	radar	2.08483	-22.1914	-7.70392	-22.2975	-8.37258	-4.15437	2.43232
-22.5282	-8.17629	4.88826	2.59934	-0.522453	lidar	1.05839	-22.5838	-8.35296	-22.5035	-8.24817	-4.08564	2.5427
-22.7229	-8.04264	4.88315	2.56446	-0.540929	radar	1.31033	-22.3177	-8.57758	-22.7061	-8.11829	-4.01391	2.65145
-22.9271	-7.8641	4.89582	2.52504	-0.551014	lidar	1.21279	-22.9861	-7.6724	-22.9049	-7.98301	-3.93923	2.75848
-23.118	-7.70929	4.89731	2.47177	-0.616355	radar	3.12199	-23.2693	-8.32031	-23.1	-7.84243	-3.86163	2.8637
-23.3225	-7.55941	4.90341	2.44585	-0.609891	lidar	0.662821	-23.4777	-7.56583	-23.2911	-7.69663	-3.78118	2.967
-23.5245	-7.41994	4.9027	2.44758	-0.534416	radar	2.02132	-23.473	-7.02103	-23.4781	-7.54572	-3.69792	3.06828
-23.6973	-7.27477	4.8917	2.42128	-0.536561	lidar	0.879124	-23.5408	-7.36069	-23.6609	-7.3898	-3.61191	3.16746
-23.8874	-7.11391	4.89417	2.40483	-0.511161	radar	0.7517	-24.0505	-6.56968	-23.8393	-7.22897	-3.52321	3.26445
-24.061	-6.99696	4.87452	2.39021	-0.504539	lidar	2.47291	-23.9384	-7.26171	-24.0132	-7.06336	-3.43189	3.35916
-24.225	-6.8071	4.87736	2.34994	-0.532234	radar	1.6176	-24.3577	-5.94086	-24.1825	-6.89307	-3.33801	3.45149
-24.3769	-6.59697	4.88231	2.31082	-0.54387	lidar	1.2017	-24.2574	-6.4352	-24.347	-6.71823	-3.24166	3.54138
-24.5452	-6.42216	4.88375	2.27491	-0.575857	radar	3.36066	-24.788	-7.18367	-24.5066	-6.53896	-3.14289	3.62873
-24.6669	-6.25682	4.86021	2.24216	-0.584908	lidar	4.58301	-24.3008	-6.43799	-24.6612	-6.35538	-3.0418	3.71347
-24.8053	-6.05851	4.85848	2.20887	-0.589455	radar	0.472214	-24.6108	-6.00878	-24.8107	-6.16764	-2.93846	3.79553
-24.9677	-5.8745	4.86174	2.18776	-0.58039	lidar	0.950931	-25.146	-5.91902	-24.955	-5.97587	-2.83295	3.87484
-25.095	-5.66391	4.86133	2.15859	-0.57115	radar	1.89349	-24.8975	-5.02285	-25.094	-5.7802	-2.72537	3.95132
-25.2276	-5.48568	4.85061	2.13505	-0.568518	lidar	0.753654	-25.1941	-5.64372	-25.2276	-5.58079	-2.61581	4.02492
-25.3846	-5.29912	4.85102	2.13579	-0.506137	radar	1.26473	-25.5328	-5.4399	-25.3556	-5.37777	-2.50435	4.09557
-25.518	-5.09547	4.85218	2.11275	-0.503656	lidar	0.0808967	-25.5713	-5.10241	-25.4779	-5.1713	-2.39109	4.16322
-25.652	-4.91072	4.84278	2.11328	-0.443631	radar	6.78118	-25.0178	-6.55904	-25.5946	-4.96152	-2.27613	4.22781
-25.7708	-4.7273	4.82971	2.09403	-0.443174	lidar	1.00385	-25.6952	-4.89995	-25.7055	-4.7486	-2.15956	4.2893
-25.8896	-4.517	4.82945	2.0761	-0.430949	radar	0.157451	-25.8162	-4.40681	-25.8105	-4.53268	-2.04149	4.34764
-25.9978	-4.29842	4.83029	2.05172	-0.433652	lidar	0.0909449	-25.9516	-4.26659	-25.9096	-4.31392	-1.92202	4.40279
-26.1083	-4.08148	4.83528	1.99857	-0.52714	radar	10.8753	-26.8953	-4.43966	-26.0027	-4.0925	-1.80125	4.45471
-26.1926	-3.83471	4.84385	1.9646	-0.533454	lidar	0.877054	-26.1198	-3.67723	-26.0897	-3.86856	-1.67928	4.50337
-26.2645	-3.60179	4.84611	1.90515	-0.617962	radar	3.26933	-26.5652	-3.85723	-26.1706	-3.64227	-1.55623	4.54875
-26.3009	-3.34913	4.84609	1.85925	-0.63303	lidar	2.9209	-25.9974	-3.24722	-26.2453	-3.41381	-1.4322	4.59081
-26.3465	-3.10779	4.84687	1.80876	-0.675157	radar	0.471997	-26.2976	-3.01078	-26.3138	-3.18332	-1.30729	4.62954
-26.375	-2.86827	4.84207	1.76695	-0.684095	lidar	1.13439	-26.1741	-2.87885	-26.376	-2.95098	-1.18162	4.66493
-26.4353	-2.64152	4.83895	1.74633	-0.657063	radar	1.35837	-26.4681	-3.44967	-26.4319	-2.71697	-1.05529	4.69696
-26.5013	-2.44578	4.82228	1.72554	-0.64894	lidar	3.32223	-26.674	-2.73852	-26.4815	-2.48143	-0.928411	4.72562
-26.5591	-2.20877	4.82373	1.71602	-0.595761	radar	1.1091	-26.657	-1.72382	-26.5247	-2.24456	-0.80109	4.75091
-26.6021	-1.99442	4.81259	1.69136	-0.59316	lidar	1.04211	-26.6691	-2.17333	-26.5616	-2.0065	-0.673434	4.77284
-26.6315	-1.75209	4.81201	1.67836	-0.545083	radar	2.221	-26.3248	-1.32261	-26.5921	-1.76744	-0.545553	4.79141
-26.6331	-1.51271	4.8083	1.64428	-0.55256	lidar	0.78519	-26.4671	-1.53207	-26.6161	-1.52753	-0.417552	4.80664
-26.6272	-1.27772	4.80467	1.59866	-0.594625	radar	1.82185	-26.4998	-2.19526	-26.6338	-1.28695	-0.289538	4.81852
-26.6278	-1.04911	4.7978	1.56841	-0.596465	lidar	0.267425	-26.5998	-1.14277	-26.6451	-1.04586	-0.161616	4.8271
-26.6641	-0.819345	4.79629	1.55739	-0.567301	radar	5.08801	-27.2008	-1.67679	-26.65	-0.804425	-0.0338883	4.83238
-26.6665	-0.582104	4.79603	1.53203	-0.564365	lidar	0.139554	-26.7355	-0.59539	-26.6485	-0.562811	0.0935412	4.83439
-26.6549	-0.341712	4.79939	1.49224	-0.599592	radar	1.89378	-26.9891	0.0351487	-26.6406	-0.321181	0.220572	4.83317
-26.6112	-0.0842813	4.80844	1.45539	-0.604831	lidar	1.28066	-26.4553	0.0602653	-26.6264	-0.0796947	0.347104	4.82874
-26.5947	0.152756	4.80971	1.4262	-0.611326	radar	1.53429	-26.9537	0.136943	-26.6059	0.161489	0.473041	4.82116
-26.5633	0.409923	4.82186	1.39838	-0.606387	lidar	0.861839	-26.6201	0.57588	-26.5792	0.402213	0.598287	4.81045
-26.5557	0.647546	4.82031	1.39573	-0.547938	radar	1.7163	-26.8241	0.381506	-26.5462	0.642323	0.722748	4.79667
-26.5358	0.903091	4.83225	1.37738	-0.536767	lidar	1.75515	-26.7293	1.06082	-26.5069	0.881666	0.846334	4.77986
-26.496	1.15532	4.83653	1.37828	-0.460053	radar	7.39073	-25.9562	2.60409	-26.4616	1.12009	0.968955	4.76007
-26.4415	1.39513	4.83843	1.35363	-0.461415	lidar	0.0722959	-26.3986	1.42212	-26.4101	1.35745	1.09053	4.73737
-26.4037	1.61779	4.8287	1.34423	-0.43124	radar	7.89764	-26.5072	-0.563928	-26.3526	1.59361	1.21096	4.71181
-26.3482	1.84592	4.82487	1.3227	-0.431726	lidar	0.0814881	-26.3594	1.79315	-26.2891	1.82841	1.33018	4.68345
-26.2789	2.07472	4.82412	1.29111	-0.456521	radar	0.290944	-26.3475	1.82827	-26.2197	2.06173	1.44811	4.65235
-26.2139	2.29268	4.81616	1.26873	-0.457053	lidar	0.362413	-26.2502	2.18481	-26.1444	2.29342	1.56467	4.61859
-26.1506	2.52371	4.81439	1.26114	-0.418572	radar	0.621522	-26.069	2.27896	-26.0633	2.52336	1.67979	4.58223
-26.074	2.75795	4.81801	1.24038	-0.417973	lidar	0.0700874	-26.0641	2.80701	-25.9765	2.75141	1.79339	4.54334
-25.9789	2.97705	4.81938	1.19018	-0.495429	radar	3.08478	-26.3234	3.02388	-25.8841	2.97746	1.90543	4.502
-25.8823	3.22332	4.83407	1.16618	-0.492942	lidar	1.14733	-25.8345	3.42005	-25.7861	3.20139	2.01582	4.45828
-25.8043	3.4493	4.83537	1.14607	-0.492633	radar	2.09182	-26.1824	3.73376	-25.6826	3.42306	2.12452	4.41227
-25.6977	3.6642	4.83356	1.11967	-0.494656	lidar	0.0516241	-25.6666	3.63509	-25.5737	3.64239	2.23146	4.36404
-25.579	3.8709	4.83047	1.08655	-0.511448	radar	1.07659	-25.5773	3.13316	-25.4596	3.85924	2.3366	4.31367
-25.4952	4.0765	4.82183	1.06979	-0.503546	lidar	1.97175	-25.7492	3.99968	-25.3402	4.07353	2.43989	4.26125
-25.3711	4.28047	4.8195	1.04166	-0.507643	radar	0.570996	-25.3516	3.75691	-25.2157	4.28514	2.54127	4.20686
-25.2223	4.48889	4.82518	1.0091	-0.514281	lidar	1.17237	-25.0214	4.52803	-25.0863	4.49399	2.64071	4.15058
-25.064	4.68519	4.82367	0.988068	-0.482506	radar	8.9375	-24.2719	4.30917	-24.9518	4.69998	2.73817	4.09251
-24.9408	4.88621	4.82203	0.96769	-0.47884	lidar	0.256391	-25.0363	4.88499	-24.8126	4.90303	2.83361	4.03273
-24.7805	5.07583	4.82233	0.937811	-0.48191	radar	2.21225	-24.3609	4.95947	-24.6686	5.10304	2.92701	3.97132
-24.6226	5.27652	4.82999	0.911302	-0.483362	lidar	0.551267	-24.5041	5.35293	-24.5201	5.29995	3.01833	3.90839
-24.4493	5.44862	4.83058	0.861441	-0.540841	radar	0.941705	-24.4379	5.24592	-24.367	5.49367	3.10754	3.84401
-24.2708	5.6247	4.83283	0.828107	-0.54709	lidar	0.678725	-24.1159	5.61152	-24.2095	5.68414	3.19464	3.77827
-24.1056	5.78633	4.82793	0.788427	-0.579385	radar	3.09805	-24.5638	4.75836	-24.0477	5.8713	3.27959	3.71127
-23.9311	5.9532	4.82762	0.758529	-0.580415	lidar	0.0096851	-23.9153	5.94377	-23.8818	6.05508	3.36239	3.64309
-23.7873	6.15199	4.82511	0.781095	-0.460182	radar	4.55836	-23.5491	6.44495	-23.7117	6.23542	3.44302	3.57383
-23.6171	6.31657	4.82257	0.758127	-0.460541	lidar	0.0430144	-23.6471	6.29102	-23.5377	6.41227	3.52148	3.50357
-23.4696	6.50192	4.82021	0.760686	-0.409703	radar	1.52633	-23.7544	6.53746	-23.3598	6.58559	3.59775	3.4324
-23.2683	6.68699	4.83928	0.73865	-0.408699	lidar	2.68702	-23.0099	6.86182	-23.1781	6.75533	3.67185	3.36041
-23.0649	6.82606	4.83563	0.710333	-0.411139	radar	5.52132	-22.7862	5.74143	-22.9928	6.92146	3.74376	3.28768
-22.8636	6.98941	4.84543	0.687485	-0.41236	lidar	0.893907	-22.6991	7.063	-22.804	7.08393	3.8135	3.21431
-22.6473	7.11497	4.84634	0.642597	-0.458161	radar	1.82108	-22.418	6.76159	-22.6117	7.24273	3.88106	3.14038
-22.4585	7.26687	4.84805	0.623616	-0.45379	lidar	0.139739	-22.5083	7.31524	-22.4161	7.39782	3.94647	3.06598
-22.2311	7.3775	4.85434	0.560191	-0.545276	radar	2.89405	-22.0543	7.85452	-22.2173	7.54917	4.00974	2.99118
-22.0438	7.53405	4.86	0.545806	-0.530788	lidar	1.4127	-22.1947	7.69478	-22.0154	7.69679	4.07087	2.91607
-21.8662	7.70982	4.86293	0.562418	-0.444726	radar	6.11081	-21.6178	9.0351	-21.8105	7.84064	4.12989	2.84074
-21.66	7.85216	4.86913	0.544718	-0.438914	lidar	0.229869	-21.6473	7.94	-21.6026	7.98072	4.18681	2.76526
-21.4712	7.992	4.86481	0.538713	-0.409853	radar	1.44097	-21.8637	7.78661	-21.392	8.11703	4.24166	2.68971
-21.2402	8.06862	4.85532	0.500075	-0.430845	lidar	2.34959	-21.0853	7.83229	-21.1787	8.24957	4.29447	2.61417
-21.0484	8.23781	4.85878	0.527804	-0.326285	radar	5.76673	-20.5503	9.28616	-20.9628	8.37833	4.34526	2.53871
-20.8599	8.38538	4.85923	0.524277	-0.312164	lidar	1.49959	-21.0519	8.50983	-20.7444	8.50333	4.39406	2.46341
-20.619	8.48224	4.86936	0.477248	-0.378236	radar	4.78688	-19.9265	9.40847	-20.5237	8.62457	4.4409	2.38835
-20.386	8.60427	4.88171	0.458993	-0.376387	lidar	1.05105	-20.21	8.68914	-20.3006	8.74206	4.48582	2.31358
-20.1867	8.74485	4.87929	0.474236	-0.30491	radar	1.42377	-20.2277	8.8532	-20.0753	8.85583	4.52884	2.23919
-19.9777	8.85782	4.87627	0.461652	-0.302278	lidar	0.204614	-20.0633	8.86724	-19.848	8.96589	4.57001	2.16524
-19.7749	8.98854	4.87275	0.472923	-0.245605	radar	1.01757	-19.9264	8.78179	-19.6186	9.07227	4.60937	2.09179
-19.5496	9.07627	4.86901	0.452364	-0.25478	lidar	0.47361	-19.4861	8.96665	-19.3873	9.17499	4.64694	2.01891
-19.3105	9.17517	4.8795	0.423377	-0.290849	radar	4.68336	-18.5719	10.2069	-19.1542	9.27409	4.68278	1.94666
-19.0506	9.25616	4.89246	0.396736	-0.303024	lidar	3.9344	-18.6786	9.19191	-18.9193	9.36959	4.71692	1.8751
-18.831	9.34046	4.88794	0.373385	-0.324055	radar	1.54164	-19.2825	8.98189	-18.6827	9.46154	4.7494	1.80429
-18.5877	9.43256	4.89753	0.356168	-0.324503	lidar	0.767802	-18.4242	9.46852	-18.4446	9.54996	4.78028	1.73429
-18.3208	9.44074	4.90043	0.280561	-0.439731	radar	6.48306	-18.1634	8.72444	-18.2049	9.63492	4.80959	1.66514
-18.0596	9.53937	4.92429	0.265774	-0.429802	lidar	3.23928	-17.7736	9.72478	-17.9639	9.71643	4.83737	1.59691
-17.8174	9.62412	4.9285	0.267602	-0.375199	radar	3.26891	-17.2296	9.97767	-17.7214	9.79457	4.86368	1.52964
-17.5603	9.71838	4.94791	0.257167	-0.363793	lidar	2.06717	-17.3436	9.88109	-17.4777	9.86936	4.88856	1.46338
-17.3195	9.78487	4.95113	0.237683	-0.370412	radar	0.673987	-17.1554	10.212	-17.2328	9.94087	4.91205	1.39818
-17.0634	9.89235	4.97325	0.235646	-0.349506	lidar	2.76081	-16.8876	10.145	-16.9868	10.0091	4.93421	1.33408
-16.8158	9.9462	4.97621	0.21563	-0.354022	radar	0.322119	-16.5958	10.1078	-16.7396	10.0743	4.95507	1.27113
-16.5679	10.0512	4.99204	0.216873	-0.33123	lidar	2.08624	-16.5153	10.3091	-16.4915	10.1362	4.97469	1.20937
-16.321	10.1078	4.99623	0.19731	-0.341871	radar	0.946166	-16.09	10.5824	-16.2424	10.1952	4.99311	1.14883
-16.0701	10.1599	5.00083	0.181536	-0.339984	lidar	0.130333	-16.006	10.1843	-15.9924	10.2511	5.01039	1.08956
-15.8266	10.2225	5.00138	0.179464	-0.310322	radar	0.362527	-15.7234	10.41	-15.7416	10.3041	5.02655	1.03159
-15.5799	10.2521	4.99899	0.159132	-0.315877	lidar	0.118042	-15.5699	10.1904	-15.4899	10.3543	5.04166	0.974957
-15.3004	10.2465	5.01648	0.100644	-0.403329	radar	9.31564	-14.2385	10.9109	-15.2376	10.4016	5.05576	0.919692
-15.04	10.3057	5.02979	0.0929982	-0.388278	lidar	1.1411	-14.9365	10.4722	-14.9846	10.4462	5.06889	0.865828
-14.79	10.3452	5.02426	0.107937	-0.302957	radar	6.20688	-14.724	9.63507	-14.7309	10.4882	5.0811	0.813394
-14.5307	10.345	5.0257	0.0826969	-0.314229	lidar	0.856949	-14.4088	10.222	-14.4766	10.5276	5.09243	0.762418
-14.2722	10.3673	5.03043	0.0703511	-0.305648	radar	0.949744	-13.9005	10.5238	-14.2218	10.5645	5.10293	0.712926
-13.9969	10.4853	5.06053	0.0922286	-0.260961	lidar	7.3292	-13.8049	10.9383	-13.9665	10.5989	5.11263	0.664944
-13.7423	10.5533	5.06299	0.117545	-0.181745	radar	2.31551	-13.3956	10.7857	-13.7107	10.631	5.12159	0.618496
-13.4801	10.5782	5.06912	0.10649	-0.18359	lidar	0.44157	-13.3556	10.5517	-13.4545	10.6608	5.12983	0.573603
-13.2213	10.5966	5.07383	0.0882467	-0.203626	radar	0.669762	-12.9374	10.8137	-13.1979	10.6884	5.13741	0.530288
-12.9627	10.686	5.08648	0.102599	-0.176348	lidar	3.17703	-12.9591	11.0099	-12.9409	10.7138	5.14436	0.48857
-12.7032	10.7372	5.09297	0.107366	-0.153674	radar	2.00318	-12.2518	11.2495	-12.6836	10.7373	5.15071	0.448467
-12.4456	10.7383	5.09261	0.0904473	-0.163626	lidar	0.644811	-12.3713	10.6091	-12.426	10.7587	5.15651	0.409997
-12.1879	10.7775	5.09576	0.0959081	-0.135222	radar	0.62013	-11.9352	10.9161	-12.1681	10.7783	5.16179	0.373177
-11.932	10.8425	5.10229	0.103565	-0.11975	lidar	1.31239	-11.9451	11.0515	-11.91	10.7961	5.16658	0.338022
-11.6602	10.8543	5.11249	0.0880468	-0.136289	radar	3.5051	-10.9703	10.9676	-11.6516	10.8121	5.17092	0.304546
-11.4091	10.8857	5.11159	0.0848131	-0.132499	lidar	0.145135	-11.4548	10.9407	-11.393	10.8265	5.17484	0.272761
-11.1495	10.7971	5.11097	-0.0126908	-0.323532	radar	9.50337	-11.3472	10.5111	-11.1342	10.8394	5.17836	0.242681
-10.8705	10.7787	5.12423	-0.0345265	-0.329263	lidar	2.24187	-10.6009	10.6823	-10.8753	10.8509	5.18153	0.214317
-10.6165	10.7753	5.12348	-0.0463763	-0.32089	radar	0.0770296	-10.6563	10.8369	-10.6161	10.8609	5.18435	0.187679
-10.3637	10.7785	5.12329	-0.0563074	-0.314172	lidar	0.339551	-10.4142	10.8747	-10.3569	10.8697	5.18687	0.162776
-10.1066	10.8536	5.12237	0.000492318	-0.164249	radar	6.77697	-9.90413	11.2255	-10.0976	10.8772	5.1891	0.139618
-9.84485	10.8928	5.12911	0.00672723	-0.147488	lidar	1.32222	-9.83445	11.1032	-9.83809	10.8837	5.19106	0.118212
-9.60299	10.8774	5.11857	-0.00358037	-0.146622	radar	3.42479	-10.195	10.3498	-9.57852	10.8891	5.19278	0.0985664
-9.34092	10.9009	5.12433	-0.00201727	-0.136678	lidar	0.567543	-9.3066	11.0348	-9.31887	10.8936	5.19428	0.0806865
-9.08709	10.8825	5.12073	-0.00842628	-0.124865	radar	2.42392	-9.2226	10.3527	-9.05915	10.8972	5.19557	0.0645787
-8.82427	10.9092	5.12702	-0.00447467	-0.113814	lidar	0.80908	-8.78899	11.0707	-8.79937	10.9001	5.19667	0.050248
-8.57412	10.864	5.12049	-0.0238322	-0.126045	radar	5.99492	-8.83914	10.0319	-8.53953	10.9023	5.19759	0.0376992
-8.34862	10.8227	5.09964	-0.041293	-0.137908	lidar	2.87525	-8.62045	10.6577	-8.27965	10.9039	5.19835	0.0269359
-8.08948	10.847	5.10242	-0.0241347	-0.0909052	radar	1.21122	-7.91543	11.1157	-8.01974	10.905	5.19896	0.0179617
-7.80394	10.8687	5.12313	-0.0195391	-0.0811138	lidar	2.7658	-7.51971	11.0005	-7.75979	10.9057	5.19942	0.0107791
-7.53893	10.8698	5.12737	-0.00906819	-0.0430117	radar	1.84969	-7.25987	10.6458	-7.49981	10.9061	5.19975	0.00539029
-7.27229	10.8618	5.13371	-0.0132873	-0.0452706	lidar	0.427794	-7.15631	10.815	-7.23983	10.9063	5.19994	0.00179692
-7.02516	10.9054	5.12732	0.021988	0.0336067	radar	2.8325	-7.39396	11.0181	-6.97983	10.9064	5.2	-7.84874e-015
