L	-0.0265	2.7285	1477010443000000	0.0000	2.7500	0.0000	1.0000
R	3.0114	1.5443	1.0398	1477010443400000	-0.0220	3.0991	-0.1097	0.9940
L	-0.2104	3.4518	1477010443800000	-0.0938	3.4924	-0.2334	0.9724
R	3.9783	1.6327	0.4770	1477010444200000	-0.2143	3.8735	-0.3535	0.9354
L	-0.4944	4.2117	1477010444600000	-0.3817	4.2365	-0.4679	0.8838
R	4.2713	1.6952	0.9987	1477010445000000	-0.5932	4.5757	-0.5750	0.8181
L	-0.6188	4.9151	1477010445400000	-0.8456	4.8857	-0.6730	0.7396
R	4.9221	1.7406	0.9305	1477010445800000	-1.1348	5.1616	-0.7604	0.6494
L	-1.5992	5.3318	1477010446200000	-1.4564	5.3991	-0.8358	0.5490
R	6.0401	1.8981	0.4422	1477010446600000	-1.8051	5.5945	-0.8980	0.4399
L	-2.2583	5.5248	1477010447000000	-2.1756	5.7445	-0.9461	0.3239
R	6.7919	1.9326	0.8418	1477010447400000	-2.5620	5.8470	-0.9792	0.2028
L	-2.8664	5.8180	1477010447800000	-2.9582	5.9002	-0.9969	0.0785
R	6.7006	2.1316	0.6541	1477010448200000	-3.3579	5.9033	-0.9989	-0.0471
L	-3.8050	5.8942	1477010448600000	-3.7549	5.8563	-0.9851	-0.1719
R	6.8151	2.2328	0.0959	1477010449000000	-4.1429	5.7600	-0.9558	-0.2940
L	-4.6276	5.3057	1477010449400000	-4.5157	5.6157	-0.9114	-0.4115
R	7.6620	2.2793	0.2008	1477010449800000	-4.8675	5.4259	-0.8526	-0.5225
L	-5.3409	5.2375	1477010450200000	-5.1927	5.1935	-0.7804	-0.6252
R	7.4393	2.4074	-0.5714	1477010450600000	-5.4863	4.9222	-0.6959	-0.7181
L	-5.6434	4.3894	1477010451000000	-5.7435	4.6162	-0.6004	-0.7997
R	7.1759	2.5759	-0.5365	1477010451400000	-5.9603	4.2804	-0.4955	-0.8686
L	-6.1035	4.2618	1477010451800000	-6.1333	3.9200	-0.3827	-0.9239
R	6.8415	2.5891	0.0322	1477010452200000	-6.2599	3.5408	-0.2639	-0.9646
L	-6.3405	3.2164	1477010452600000	-6.3378	3.1487	-0.1409	-0.9900
R	6.5407	2.7530	-0.0049	1477010453000000	-6.3661	2.7500	-0.0157	-0.9999
L	-6.0510	2.4346	1477010453400000	-6.3441	2.3509	0.1097	-0.9940
R	6.8782	2.8663	-0.7087	1477010453800000	-6.2723	1.9576	0.2334	-0.9724
L	-6.1854	1.3637	1477010454200000	-6.1518	1.5765	0.3535	-0.9355
R	6.3642	2.9305	-0.7906	1477010454600000	-5.9844	1.2135	0.4679	-0.8838
L	-5.3048	0.8146	1477010455000000	-5.7729	0.8743	0.5750	-0.8182
R	5.6190	3.0686	-0.4161	1477010455400000	-5.5205	0.5643	0.6730	-0.7396
L	-4.9780	0.1707	1477010455800000	-5.2312	0.2884	0.7604	-0.6495
R	4.4550	3.1726	-1.5040	1477010456200000	-4.9097	0.0509	0.8358	-0.5490
L	-4.5397	-0.3544	1477010456600000	-4.5609	-0.1444	0.8980	-0.4400
R	3.8827	-3.1129	-1.2045	1477010457000000	-4.1904	-0.2945	0.9461	-0.3239
L	-3.8219	-0.2440	1477010457400000	-3.8040	-0.3970	0.9792	-0.2028
R	3.7316	-3.0802	-0.9371	1477010457800000	-3.4079	-0.4502	0.9969	-0.0785
L	-3.1484	-0.2599	1477010458200000	-3.0081	-0.4533	0.9989	0.0471
R	2.1751	-3.0497	-1.0968	1477010458600000	-2.6112	-0.4063	0.9851	0.1719
L	-2.1675	-0.1671	1477010459000000	-2.2232	-0.3100	0.9558	0.2940
R	2.0747	-3.0905	-0.2798	1477010459400000	-1.8504	-0.1657	0.9114	0.4115
L	-1.5827	-0.0346	1477010459800000	-1.4986	0.0241	0.8527	0.5225
R	1.6047	2.9066	-0.6312	1477010460200000	-1.1734	0.2565	0.7804	0.6252
L	-0.8150	0.3465	1477010460600000	-0.8798	0.5278	0.6959	0.7181
R	1.3921	2.1927	-0.2474	1477010461000000	-0.6226	0.8338	0.6004	0.7997
L	-0.1846	1.1818	1477010461400000	-0.4058	1.1697	0.4955	0.8686
R	1.6953	1.7139	0.6594	1477010461800000	-0.2327	1.5300	0.3827	0.9239
L	-0.1779	2.0088	1477010462200000	-0.1062	1.9092	0.2639	0.9645
R	2.2517	1.6125	0.8292	1477010462600000	-0.0282	2.3013	0.1409	0.9900
L	0.0120	2.6591	1477010463000000	0.0000	2.7000	0.0157	0.9999
R	3.3185	1.5854	1.0201	1477010463400000	0.0110	3.0997	0.0785	0.9969
L	0.0631	3.4060	1477010463800000	0.0704	3.4949	0.2028	0.9792
R	3.9366	1.5575	1.1214	1477010464200000	0.1789	3.8797	0.3240	0.9461
L	0.3159	4.3272	1477010464600000	0.3348	4.2478	0.4400	0.8980
R	4.5354	1.3603	0.2919	1477010465000000	0.5356	4.5934	0.5491	0.8358
L	0.7015	4.9753	1477010465400000	0.7781	4.9112	0.6495	0.7604
R	5.3446	1.3540	1.5515	1477010465800000	1.0585	5.1961	0.7397	0.6730
L	1.3660	5.4657	1477010466200000	1.3724	5.4436	0.8182	0.5750
R	5.7458	1.3129	0.5384	1477010466600000	1.7149	5.6497	0.8838	0.4679
L	2.3837	5.8599	1477010467000000	2.0805	5.8114	0.9355	0.3534
R	6.5766	1.2173	0.7777	1477010467400000	2.4635	5.9259	0.9724	0.2334
L	2.9219	6.1608	1477010467800000	2.8578	5.9915	0.9940	0.1097
R	6.3539	1.0689	0.5366	1477010468200000	3.2572	6.0072	0.9999	-0.0157
L	3.4166	5.9061	1477010468600000	3.6555	5.9727	0.9900	-0.1409
R	6.9220	0.9324	0.4115	1477010469000000	4.0463	5.8886	0.9646	-0.2639
L	4.4650	5.7481	1477010469400000	4.4234	5.7562	0.9239	-0.3827
R	7.1511	0.8832	0.3541	1477010469800000	4.7810	5.5775	0.8686	-0.4955
L	5.0291	5.3078	1477010470200000	5.1134	5.3554	0.7997	-0.6004
R	7.1065	0.7406	0.0837	1477010470600000	5.4153	5.0934	0.7181	-0.6959
L	5.9477	5.0024	1477010471000000	5.6820	4.7956	0.6252	-0.7804
R	7.6612	0.6392	-0.7580	1477010471400000	5.9093	4.4668	0.5225	-0.8527
L	5.9822	4.0900	1477010471800000	6.0936	4.1121	0.4115	-0.9114
R	6.8546	0.5758	0.2673	1477010472200000	6.2319	3.7370	0.2940	-0.9558
L	6.4164	3.3339	1477010472600000	6.3222	3.3476	0.1719	-0.9851
R	7.3018	0.4527	-0.7855	1477010473000000	6.3629	2.9500	0.0471	-0.9989
L	6.0495	2.5181	1477010473400000	6.3535	2.5503	-0.0785	-0.9969
R	7.0101	0.3019	-0.3688	1477010473800000	6.2941	2.1550	-0.2028	-0.9792
L	6.2429	1.6951	1477010474200000	6.1856	1.7703	-0.3239	-0.9461
R	5.9121	0.2697	-0.1112	1477010474600000	6.0297	1.4022	-0.4400	-0.8980
L	5.6475	1.1366	1477010475000000	5.8289	1.0565	-0.5490	-0.8358
R	5.1659	0.1375	-0.5267	1477010475400000	5.5864	0.7388	-0.6495	-0.7604
L	5.1550	0.7332	1477010475800000	5.3060	0.4539	-0.7396	-0.6730
R	4.9258	0.0272	-0.8119	1477010476200000	4.9920	0.2064	-0.8182	-0.5750
L	4.4888	0.2418	1477010476600000	4.6496	0.0002	-0.8838	-0.4679
R	4.3657	-0.0341	-0.5400	1477010477000000	4.2840	-0.1614	-0.9354	-0.3535
L	3.9321	-0.3959	1477010477400000	3.9010	-0.2759	-0.9724	-0.2334
R	3.9502	-0.0303	-1.0562	1477010477800000	3.5067	-0.3416	-0.9940	-0.1097
L	3.2434	-0.6184	1477010478200000	3.1072	-0.3573	-0.9999	0.0157
R	2.2375	-0.1259	-1.2412	1477010478600000	2.7090	-0.3228	-0.9900	0.1409
L	2.0081	-0.2793	1477010479000000	2.3182	-0.2386	-0.9646	0.2639
R	2.0839	-0.0846	-0.3907	1477010479400000	1.9410	-0.1062	-0.9239	0.3827
L	1.6684	-0.3647	1477010479800000	1.5835	0.0725	-0.8686	0.4955
R	0.7345	0.2176	-1.2779	1477010480200000	1.2511	0.2946	-0.7997	0.6004
L	1.1726	0.5817	1477010480600000	0.9492	0.5566	-0.7181	0.6959
R	0.8925	0.8230	0.2447	1477010481000000	0.6825	0.8543	-0.6252	0.7804
L	0.3958	1.3553	1477010481400000	0.4552	1.1832	-0.5225	0.8526
R	1.3832	1.4188	0.6488	1477010481800000	0.2709	1.5379	-0.4115	0.9114
L	0.0346	2.0907	1477010482200000	0.1326	1.9129	-0.2940	0.9558
R	2.5023	1.5640	0.7828	1477010482600000	0.0423	2.3024	-0.1719	0.9851
L	0.0782	2.6389	1477010483000000	0.0016	2.7000	-0.0471	0.9989
