time_stamp	px_state	py_state	v_state	yaw_angle_state	yaw_rate_state	sensor_type	NIS	px_measured	py_measured	px_ground_truth	py_ground_truth	vx_ground_truth	vy_ground_truth
1477010443000000	0.312243	0.58034	0	0	0	lidar	4	0.312243	0.58034	0.6	0.6	5.19994	0
1477010443050000	0.639358	0.494134	2.50175	-4.40434e-019	7.76688e-019	radar	209.785	0.862916	0.534212	0.859997	0.600045	5.19975	0.00179686
1477010443100000	0.758447	0.494293	2.50204	-1.75972e-005	-1.33454e-006	lidar	0.0191986	1.17385	0.481073	1.11998	0.600225	5.19943	0.00538996
1477010443150000	0.927117	0.416806	3.74602	0.291744	0.0814254	radar	24.4525	0.969149	0.397513	1.37996	0.600629	5.19898	0.0107781
1477010443200000	1.10399	0.469383	3.74692	0.295439	0.0813675	lidar	0.035903	1.65063	0.62469	1.6399	0.601347	5.19839	0.0179597
1477010443250000	1.45673	0.480178	4.67289	0.0680408	0.0338932	radar	12.7111	1.62331	0.499091	1.89982	0.60247	5.19766	0.0269323
1477010443300000	1.68883	0.496046	4.67354	0.069562	0.0339028	lidar	0.0303877	2.18882	0.648739	2.1597	0.604086	5.19678	0.0376932
1477010443350000	1.9456	0.540215	4.90033	0.10439	0.083441	radar	1.28452	1.96701	0.557117	2.41954	0.606284	5.19573	0.0502389
1477010443400000	2.18871	0.566054	4.9009	0.108451	0.0834751	lidar	0.0253121	2.65526	0.66598	2.67932	0.609155	5.1945	0.0645654
1477010443450000	2.49781	0.574485	5.12092	0.0782644	0.0579386	radar	3.03057	2.92034	0.645898	2.93904	0.612786	5.19309	0.080668
1477010443500000	2.75245	0.594732	5.12121	0.0811262	0.05798	lidar	0.0077026	3.01222	0.637046	3.19869	0.617267	5.19147	0.0985415
1477010443550000	3.07882	0.523219	5.2375	-0.0118741	-0.103408	radar	5.14888	3.56096	0.485311	3.45825	0.622685	5.18963	0.11818
1477010443600000	3.34026	0.519178	5.23809	-0.0172577	-0.103659	lidar	0.0388364	3.89365	0.311793	3.71772	0.62913	5.18754	0.139576
1477010443650000	3.65674	0.56202	5.40086	0.0151607	-0.00725604	radar	4.41161	4.19786	0.698311	3.97708	0.636689	5.18519	0.162724
1477010443700000	3.92615	0.565911	5.40125	0.0147708	-0.00720873	lidar	0.0163467	4.30935	0.578564	4.23632	0.645449	5.18256	0.187614
1477010443750000	4.20938	0.596851	5.30988	0.0335503	0.0382873	radar	2.48438	4.61908	0.68951	4.49542	0.655498	5.17962	0.214238
1477010443800000	4.47368	0.606211	5.30968	0.0357378	0.0387765	lidar	0.0112103	4.35143	0.899174	4.75437	0.666921	5.17634	0.242587
1477010443850000	4.74622	0.613983	5.12036	0.0357346	0.0432101	radar	3.71247	5.20901	0.66599	5.01315	0.679804	5.1727	0.272649
1477010443900000	5.00165	0.62328	5.12086	0.0378919	0.0432771	lidar	0.0298263	5.51894	0.648233	5.27175	0.694234	5.16867	0.304413
1477010443950000	5.27515	0.638582	5.28235	0.0431885	0.0476547	radar	0.647081	5.22834	0.639362	5.53013	0.710295	5.16422	0.337868
1477010444000000	5.53859	0.650246	5.2828	0.0456089	0.0477625	lidar	0.0263673	6.022	0.708619	5.78828	0.728072	5.15932	0.372999
1477010444050000	5.79287	0.5451	5.11885	-0.0210199	-0.0525854	radar	2.6069	5.89392	0.373584	6.04618	0.747647	5.15393	0.409793
1477010444100000	6.04822	0.540063	5.11905	-0.0232324	-0.0519727	lidar	0.0282289	6.34249	0.948833	6.30379	0.769103	5.14803	0.448233
1477010444150000	6.32192	0.634534	5.08792	0.0289202	0.0237781	radar	2.44345	6.62134	0.836138	6.5611	0.792523	5.14157	0.488305
1477010444200000	6.57567	0.642066	5.0881	0.0301777	0.0238788	lidar	0.00531759	6.78214	0.714036	6.81808	0.817988	5.13452	0.52999
1477010444250000	6.84317	0.634378	4.91237	0.0237328	0.0168421	radar	3.43219	7.29121	0.630741	7.07469	0.845578	5.12685	0.573269
1477010444300000	7.0881	0.640897	4.91235	0.0249037	0.0172383	lidar	0.0114108	7.13735	0.957217	7.3309	0.875373	5.11851	0.618123
1477010444350000	7.43304	0.689435	5.23776	0.0450991	0.041955	radar	7.22876	8.08349	0.819605	7.58668	0.907449	5.10946	0.664531
1477010444400000	7.6941	0.701464	5.23787	0.0472114	0.0419747	lidar	0.00141075	7.80533	0.719126	7.84199	0.941886	5.09966	0.712469
1477010444450000	7.96322	0.75756	5.0288	0.0689305	0.0644481	radar	3.89255	8.40453	0.884557	8.0968	0.978759	5.08907	0.761915
1477010444500000	8.21347	0.775357	5.02883	0.0722204	0.0645195	lidar	0.000602346	8.24796	0.840322	8.35106	1.01814	5.07766	0.812843
1477010444550000	8.49259	0.975503	5.30083	0.149765	0.139432	radar	5.84952	8.45858	1.41118	8.60472	1.06011	5.06537	0.865226
1477010444600000	8.75392	1.01593	5.30082	0.156772	0.139467	lidar	0.00012545	8.74615	1.04858	8.85775	1.10473	5.05216	0.919037
1477010444650000	9.08932	1.06885	5.33273	0.166919	0.143626	radar	7.69377	9.8809	1.1419	9.1101	1.15208	5.03798	0.974245
1477010444700000	9.35144	1.11383	5.33263	0.174037	0.143566	lidar	0.00148379	9.25579	1.04913	9.36172	1.20223	5.0228	1.03082
1477010444750000	9.65293	1.2473	5.36879	0.212018	0.172088	radar	3.54447	10.1016	1.52474	9.61255	1.25524	5.00656	1.08873
1477010444800000	9.91467	1.30523	5.36896	0.220764	0.172216	lidar	0.00419601	10.0484	1.44598	9.86254	1.31118	4.98922	1.14794
1477010444850000	10.1708	1.45052	5.14116	0.261325	0.201244	radar	4.21019	10.5377	1.72555	10.1117	1.37011	4.97074	1.20841
1477010444900000	10.4181	1.51794	5.14098	0.271341	0.201205	lidar	0.00355847	10.2492	1.45907	10.3598	1.4321	4.95106	1.2701
1477010444950000	10.6527	1.61255	4.90224	0.292509	0.211663	radar	2.4288	10.9084	1.70343	10.6069	1.49721	4.93014	1.33298
1477010445000000	10.8865	1.68366	4.90197	0.302859	0.211469	lidar	0.00862696	10.7313	1.45265	10.853	1.56549	4.90794	1.39701
1477010445050000	11.1778	1.67776	5.05895	0.284107	0.186986	radar	2.27923	11.4783	1.42876	11.0979	1.637	4.8844	1.46213
1477010445100000	11.42	1.74921	5.059	0.293283	0.186846	lidar	0.00512348	11.587	1.61462	11.3416	1.71179	4.85948	1.52832
1477010445150000	11.6414	1.75965	4.97198	0.284592	0.172791	radar	0.96727	11.4763	1.53917	11.584	1.78992	4.83313	1.59551
1477010445200000	11.8791	1.83015	4.97183	0.293153	0.172729	lidar	0.0019105	11.7788	1.74591	11.8251	1.87144	4.80531	1.66366
1477010445250000	12.1362	1.96075	5.16494	0.316546	0.1836	radar	1.08697	12.136	2.14937	12.0647	1.95639	4.77598	1.73273
1477010445300000	12.3808	2.04123	5.16469	0.325442	0.183381	lidar	0.00778256	12.3226	1.78353	12.3029	2.04482	4.74508	1.80265
1477010445350000	12.6381	2.05249	5.25773	0.312084	0.16574	radar	1.10842	12.5457	1.77728	12.5394	2.13677	4.71257	1.87338
1477010445400000	12.8871	2.1345	5.25753	0.320476	0.16582	lidar	0.00984503	12.5924	2.17509	12.7743	2.23227	4.67842	1.94485
1477010445450000	13.1523	2.31237	5.41466	0.353019	0.183466	radar	1.4741	13.2198	2.6644	13.0075	2.33137	4.64258	2.01701
1477010445500000	13.405	2.40723	5.41442	0.36226	0.183518	lidar	0.0112177	13.0875	2.40708	13.2388	2.43409	4.605	2.08981
1477010445550000	13.5062	2.65448	5.00727	0.424815	0.225538	radar	12.2808	12.7087	3.12439	13.4682	2.54047	4.56565	2.16317
1477010445600000	13.7334	2.75819	5.0072	0.435901	0.225397	lidar	0.0031589	13.836	2.62479	13.6955	2.65053	4.52448	2.23703
1477010445650000	13.9466	2.8411	4.97122	0.441938	0.221775	radar	0.279552	13.8302	2.73893	13.9208	2.7643	4.48147	2.31134
1477010445700000	14.1702	2.94852	4.97124	0.453007	0.221761	lidar	0.000185863	14.2106	2.94205	14.1439	2.88179	4.43656	2.38601
1477010445750000	14.4384	3.02233	5.17955	0.448926	0.209266	radar	1.32775	14.5568	2.87021	14.3646	3.00303	4.38974	2.46099
1477010445800000	14.6705	3.13492	5.17909	0.459153	0.209097	lidar	0.0106285	14.4616	2.90734	14.583	3.12802	4.34097	2.5362
1477010445850000	14.876	3.39526	5.28974	0.507127	0.235421	radar	2.30283	14.6754	3.96041	14.7989	3.25679	4.29021	2.61157
1477010445900000	15.1057	3.52494	5.28967	0.518899	0.235422	lidar	0.000742749	15.0261	3.5067	15.0122	3.38932	4.23744	2.68703
1477010445950000	15.3033	3.74899	5.13961	0.55874	0.257239	radar	1.91524	15.3685	4.14761	15.2228	3.52563	4.18263	2.76249
1477010446000000	15.5198	3.8862	5.13951	0.571522	0.257182	lidar	0.000362462	15.5236	3.82936	15.4306	3.66572	4.12575	2.83789
1477010446050000	15.7442	3.90891	5.06305	0.555643	0.237311	radar	1.4681	15.7234	3.4105	15.6355	3.80957	4.06678	2.91315
1477010446100000	15.958	4.04338	5.06298	0.56744	0.237264	lidar	0.000243668	15.9774	4.00094	15.8375	3.95719	4.00571	2.98817
1477010446150000	16.1625	4.17811	4.88885	0.582083	0.240834	radar	1.19606	16.3376	4.21632	16.0363	4.10854	3.94251	3.0629
1477010446200000	16.365	4.31443	4.88912	0.59433	0.240978	lidar	0.00203291	16.3313	4.44499	16.2319	4.26363	3.87716	3.13723
1477010446250000	16.592	4.45609	4.96482	0.603835	0.238596	radar	0.439953	16.7586	4.48231	16.4242	4.42242	3.80966	3.21109
1477010446300000	16.7945	4.59885	4.96493	0.615961	0.238732	lidar	0.00466619	16.6039	4.67344	16.613	4.5849	3.74	3.28438
1477010446350000	16.9355	4.79917	4.63257	0.65259	0.259477	radar	3.54841	16.9236	5.10119	16.7983	4.75103	3.66817	3.35704
1477010446400000	17.1174	4.94274	4.6332	0.666038	0.259801	lidar	0.00970939	16.9955	5.21099	16.9799	4.92077	3.59416	3.42897
1477010446450000	17.3108	5.00675	4.58102	0.659731	0.246909	radar	0.598493	17.3421	4.64623	17.1579	5.09409	3.51797	3.50008
1477010446500000	17.4895	5.15026	4.58173	0.67263	0.247283	lidar	0.0135666	17.2894	5.43542	17.3319	5.27094	3.4396	3.57028
1477010446550000	17.6693	5.19472	4.45729	0.663658	0.233763	radar	1.14104	17.6463	4.74597	17.5019	5.45128	3.35907	3.63949
1477010446600000	17.8428	5.33491	4.45808	0.675849	0.234099	lidar	0.00976894	17.7853	5.62476	17.6679	5.63506	3.27637	3.70762
1477010446650000	17.9783	5.57352	4.38207	0.715688	0.254032	radar	1.38708	17.9216	6.07151	17.8297	5.82221	3.19151	3.77458
1477010446700000	18.1412	5.7212	4.38333	0.729147	0.254534	lidar	0.0225397	18.1263	6.16985	17.9872	6.01269	3.10453	3.84027
1477010446750000	18.2724	6.02994	4.50827	0.780429	0.279249	radar	2.35382	18.1245	6.79027	18.1402	6.20641	3.01542	3.90462
1477010446800000	18.4295	6.19303	4.50969	0.795321	0.279859	lidar	0.0296294	18.2164	6.66138	18.2888	6.40332	2.92421	3.96753
1477010446850000	18.5451	6.47099	4.51181	0.841151	0.301488	radar	1.22913	18.4022	7.02231	18.4328	6.60333	2.83093	4.0289
1477010446900000	18.6929	6.64121	4.51224	0.856532	0.301688	lidar	0.00411935	18.5422	6.76013	18.572	6.80638	2.7356	4.08867
1477010446950000	18.84	6.88504	4.65635	0.883745	0.307496	radar	0.805451	18.8089	7.24388	18.7064	7.01237	2.63825	4.14672
1477010447000000	18.9854	7.06645	4.65673	0.899218	0.307559	lidar	0.00432567	19.1441	7.18344	18.8359	7.22122	2.53893	4.20299
1477010447050000	19.0362	7.28864	4.45233	0.942252	0.329484	radar	3.56209	18.5479	7.4012	18.9604	7.43283	2.43767	4.25737
1477010447100000	19.1635	7.47283	4.45412	0.959564	0.330016	lidar	0.0200764	19.0138	7.8688	19.0798	7.64712	2.3345	4.3098
1477010447150000	19.2983	7.65878	4.51205	0.973358	0.327107	radar	0.0928293	19.3089	7.67375	19.1939	7.86397	2.22949	4.36017
1477010447200000	19.4214	7.84895	4.51361	0.990467	0.327581	lidar	0.0181165	19.132	8.12845	19.3028	8.08329	2.12266	4.40842
1477010447250000	19.4937	8.07351	4.56901	1.01932	0.334185	radar	2.22159	19.0239	8.17194	19.4062	8.30497	2.01409	4.45445
1477010447300000	19.6102	8.26985	4.5695	1.03633	0.334371	lidar	0.00787627	19.347	8.30741	19.5042	8.5289	1.90381	4.49819
1477010447350000	19.7062	8.44957	4.44485	1.05681	0.339487	radar	0.434108	19.6843	8.35902	19.5966	8.75494	1.7919	4.53956
1477010447400000	19.8125	8.64515	4.44592	1.07409	0.33967	lidar	0.0107934	20.0039	8.8906	19.6835	8.983	1.67841	4.57848
1477010447450000	19.8493	8.95448	4.41771	1.12635	0.363889	radar	1.32393	19.6061	9.48659	19.7645	9.21294	1.56341	4.61488
1477010447500000	19.9411	9.15623	4.41911	1.14492	0.364121	lidar	0.0154658	20.1574	9.45949	19.8398	9.44463	1.44697	4.64869
1477010447550000	19.9512	9.4376	4.33196	1.19634	0.388385	radar	1.51448	19.6163	9.76606	19.9093	9.67795	1.32916	4.67984
1477010447600000	20.0269	9.64137	4.33336	1.21614	0.388618	lidar	0.00987721	20.1573	9.90876	19.9728	9.91275	1.21005	4.70826
1477010447650000	19.9777	10.1515	4.70321	1.30025	0.422695	radar	7.55268	19.1911	11.5493	20.0303	10.1489	1.08972	4.73389
1477010447700000	20.0372	10.3786	4.7035	1.32142	0.422715	lidar	0.00274995	20.166	10.4687	20.0818	10.3863	0.968259	4.75666
1477010447750000	20.0149	10.6625	4.63744	1.37282	0.446043	radar	1.3964	19.6775	10.803	20.1271	10.6247	0.845742	4.77652
1477010447800000	20.0573	10.8897	4.6374	1.395	0.44597	lidar	0.0125803	20.371	11.0109	20.1663	10.864	0.722256	4.7934
1477010447850000	20.0028	11.3285	4.91024	1.45694	0.464465	radar	3.71401	19.4335	12.3402	20.1993	11.1041	0.597892	4.80727
1477010447900000	20.0286	11.5692	4.90744	1.47944	0.464045	lidar	0.0147536	20.3164	11.3483	20.2261	11.3449	0.472738	4.81807
1477010447950000	19.8703	11.9439	4.8132	1.57229	0.518937	radar	5.96556	19.2063	12.2418	20.2466	11.5861	0.346889	4.82575
1477010448000000	19.8694	12.1788	4.80795	1.59697	0.518219	lidar	0.0682651	20.6141	11.9422	20.2608	11.8275	0.220439	4.83027
1477010448050000	19.9707	12.2954	4.87973	1.5661	0.468909	radar	4.02282	19.966	11.9688	20.2687	12.0692	0.093487	4.83159
1477010448100000	19.9694	12.5368	4.8776	1.58908	0.468648	lidar	0.0143985	20.3263	12.4966	20.2701	12.3108	-0.0338694	4.82968
1477010448150000	19.9376	12.7374	4.67155	1.62709	0.48789	radar	1.82036	20.0192	12.4823	20.2652	12.5522	-0.161529	4.82451
1477010448200000	19.9232	12.9665	4.66767	1.65069	0.487457	lidar	0.0375216	20.498	12.8924	20.254	12.7933	-0.28939	4.81605
1477010448250000	20.0598	13.017	4.45071	1.6304	0.462919	radar	4.1135	20.9151	12.2555	20.2363	13.0339	-0.417348	4.80428
1477010448300000	20.0439	13.2371	4.44912	1.65327	0.462765	lidar	0.00305904	20.1943	13.1688	20.2122	13.2738	-0.545298	4.78918
1477010448350000	20.004	13.4776	4.50103	1.6792	0.462573	radar	0.196346	19.858	13.5236	20.1818	13.5129	-0.673135	4.77072
1477010448400000	19.9766	13.7003	4.5008	1.70219	0.462496	lidar	0.0174519	20.3245	13.8896	20.1449	13.7509	-0.800753	4.74892
1477010448450000	19.9937	13.8417	4.33433	1.71697	0.463071	radar	0.947338	20.3387	13.5307	20.1017	13.9878	-0.928043	4.72374
1477010448500000	19.958	14.0567	4.33618	1.74033	0.463189	lidar	0.0117427	20.1216	14.337	20.0521	14.2233	-1.0549	4.69521
1477010448550000	19.8778	14.2998	4.35989	1.77431	0.470469	radar	0.262474	19.6717	14.4038	19.9962	14.4573	-1.18121	4.66331
1477010448600000	19.8287	14.5146	4.36295	1.79827	0.470709	lidar	0.00774809	19.781	14.773	19.934	14.6897	-1.30687	4.62805
1477010448650000	19.8579	14.602	4.22968	1.79891	0.455867	radar	1.15066	20.1149	14.0165	19.8655	14.9202	-1.43177	4.58944
1477010448700000	19.8058	14.809	4.23238	1.82199	0.456024	lidar	0.0226602	20.0208	15.2053	19.7908	15.1486	-1.55581	4.54751
1477010448750000	19.6962	15.0271	3.94759	1.88744	0.507977	radar	11.2922	20.0157	15.3443	19.7099	15.3749	-1.67887	4.50226
1477010448800000	19.6311	15.2144	3.94911	1.91294	0.508035	lidar	0.0216815	19.9131	15.554	19.6229	15.5989	-1.80085	4.45372
1477010448850000	19.6231	15.3351	3.85951	1.92532	0.501133	radar	0.445858	19.9388	15.0864	19.5298	15.8203	-1.92164	4.40193
1477010448900000	19.5498	15.519	3.86552	1.95108	0.501527	lidar	0.0276596	19.4748	16.0098	19.4307	16.039	-2.04114	4.3469
1477010448950000	19.4354	15.7573	3.98872	1.97815	0.497059	radar	0.63152	19.1556	16.0022	19.3257	16.2549	-2.15925	4.28868
1477010449000000	19.3507	15.9421	3.99336	2.00352	0.497348	lidar	0.0136495	19.238	16.2719	19.2148	16.4679	-2.27586	4.22731
1477010449050000	19.2525	16.1438	3.98076	2.03808	0.509444	radar	0.894728	19.4007	16.2962	19.0981	16.6777	-2.39087	4.16284
1477010449100000	19.1559	16.3247	3.98796	2.06429	0.509844	lidar	0.0323162	19.0029	16.8387	18.9757	16.8841	-2.50418	4.0953
1477010449150000	18.8869	16.7032	4.15473	2.15046	0.569975	radar	11.9223	18.8373	17.7112	18.8477	17.0872	-2.61571	4.02476
1477010449200000	18.7661	16.8795	4.1619	2.17962	0.570322	lidar	0.0310717	18.6148	17.3832	18.7142	17.2866	-2.72534	3.95127
1477010449250000	18.7664	16.9936	4.08039	2.15956	0.520186	radar	3.4818	18.8177	17.0316	18.5752	17.4822	-2.83299	3.87489
1477010449300000	18.6446	17.1673	4.09003	2.18643	0.520599	lidar	0.0498219	18.1023	17.5529	18.4309	17.674	-2.93858	3.79568
1477010449350000	18.5105	17.3602	4.15127	2.2046	0.507877	radar	0.678533	18.2749	17.4877	18.2814	17.8617	-3.042	3.71372
1477010449400000	18.3808	17.5302	4.15894	2.23052	0.508111	lidar	0.0331992	18.2094	18.0461	18.1268	18.0453	-3.14318	3.62906
1477010449450000	18.2189	17.6675	4.1144	2.28032	0.536823	radar	1.73507	18.3021	17.498	17.9671	18.2246	-3.24204	3.5418
1477010449500000	18.0788	17.8252	4.12084	2.30755	0.53699	lidar	0.0208951	17.9018	18.2183	17.8026	18.3994	-3.3385	3.45199
1477010449550000	18.0588	17.958	4.0297	2.3114	0.523737	radar	6.25326	18.8558	18.1364	17.6334	18.5697	-3.43247	3.35973
1477010449600000	17.9132	18.112	4.04238	2.33829	0.524011	lidar	0.0709204	17.3845	18.7039	17.4595	18.7353	-3.5239	3.26509
1477010449650000	17.7516	18.2334	4.0312	2.37973	0.541959	radar	0.76201	17.7945	18.0801	17.281	18.8962	-3.61271	3.16817
1477010449700000	17.5973	18.3764	4.0419	2.40732	0.54213	lidar	0.0492539	17.1762	18.8863	17.0983	19.0521	-3.69883	3.06904
1477010449750000	17.3243	18.6979	4.31454	2.43338	0.537667	radar	5.19162	16.9398	19.7311	16.9113	19.203	-3.78221	2.9678
1477010449800000	17.1527	18.8408	4.32377	2.46066	0.537794	lidar	0.0427339	16.5734	19.052	16.7201	19.3488	-3.86278	2.86455
1477010449850000	16.7846	19.1864	4.69139	2.50136	0.549025	radar	4.95928	16.1674	20.2201	16.5251	19.4894	-3.9405	2.75938
1477010449900000	16.5899	19.3278	4.69889	2.52903	0.549062	lidar	0.0237015	16.2338	19.6171	16.3262	19.6246	-4.01531	2.65237
1477010449950000	16.433	19.2887	4.5458	2.58455	0.578485	radar	9.06079	16.4366	18.2742	16.1237	19.7545	-4.08716	2.54364
1477010450000000	16.233	19.4107	4.55453	2.61362	0.578456	lidar	0.0344918	15.9243	19.8703	15.9176	19.8789	-4.15602	2.43329
1477010450050000	16.1423	19.4601	4.3284	2.62337	0.554403	radar	1.80464	16.2328	19.2166	15.7082	19.9978	-4.22185	2.32141
1477010450100000	15.945	19.5714	4.34091	2.65119	0.554273	lidar	0.0716589	15.4332	20.1836	15.4956	20.111	-4.28461	2.2081
1477010450150000	15.4976	19.9519	4.75153	2.66457	0.534109	radar	9.13802	14.3677	21.3406	15.2799	20.2185	-4.34427	2.09347
1477010450200000	15.2823	20.0609	4.7562	2.69123	0.534009	lidar	0.0167091	15.2016	20.4385	15.0613	20.3203	-4.4008	1.97763
1477010450250000	15.0298	20.1467	4.78136	2.72509	0.537984	radar	1.30774	14.7476	19.9571	14.84	20.4162	-4.4542	1.86068
1477010450300000	14.8068	20.2435	4.7866	2.75191	0.537864	lidar	0.0171829	14.6665	20.6088	14.6161	20.5063	-4.50443	1.74272
1477010450350000	14.4301	20.4524	5.0338	2.77747	0.536611	radar	1.62505	13.841	21.0031	14.3897	20.5904	-4.55149	1.62386
1477010450400000	14.1925	20.5403	5.03609	2.80428	0.536564	lidar	0.00252192	14.0521	20.5924	14.1611	20.6686	-4.59537	1.50421
1477010450450000	13.9128	20.6539	5.12064	2.83241	0.540189	radar	0.335034	13.8232	20.859	13.9304	20.7408	-4.63606	1.38386
1477010450500000	13.6663	20.7299	5.12319	2.85938	0.540137	lidar	0.00438331	13.4686	20.7253	13.6977	20.807	-4.67357	1.26294
1477010450550000	13.4748	20.7135	5.11799	2.90775	0.567678	radar	1.92994	13.8263	20.4261	13.4632	20.8671	-4.70789	1.14153
1477010450600000	13.2238	20.7707	5.12004	2.93608	0.567622	lidar	0.00191877	13.1072	20.8294	13.2271	20.9211	-4.73904	1.01975
1477010450650000	13.0061	20.8504	5.0916	2.95648	0.562826	radar	1.94417	13.2669	21.1579	12.9895	20.969	-4.76702	0.897694
1477010450700000	12.7558	20.8944	5.09136	2.98459	0.562814	lidar	0.00454604	12.8729	21.0592	12.7506	21.0108	-4.79186	0.775469
1477010450750000	12.3025	21.0686	5.37486	3.00008	0.552676	radar	2.48252	11.5171	21.6724	12.5106	21.0465	-4.81358	0.653175
1477010450800000	12.0379	21.1026	5.37272	3.02779	0.552748	lidar	0.00318267	12.2062	21.11	12.2695	21.0761	-4.83219	0.530912
1477010450850000	11.8706	21.0974	5.27284	3.0589	0.558829	radar	1.3189	12.3859	21.1066	12.0276	21.0996	-4.84773	0.408778
1477010450900000	11.6099	21.1148	5.27013	3.087	0.558955	lidar	0.00754967	11.6814	20.8651	11.785	21.117	-4.86022	0.286869
1477010450950000	11.3977	21.0603	5.20951	3.12612	0.567646	radar	1.20612	11.5265	20.6748	11.5418	21.1283	-4.86971	0.165281
1477010451000000	11.1397	21.0603	5.20665	3.15464	0.567762	lidar	0.00560173	11.363	21.0688	11.2982	21.1335	-4.87623	0.0441057
1477010451050000	10.8414	21.0087	5.24613	3.19199	0.572713	radar	3.52915	10.5558	20.5567	11.0544	21.1327	-4.87982	-0.076565
1477010451100000	10.5833	20.9908	5.24186	3.22088	0.57292	lidar	0.0110522	10.8903	20.927	10.8105	21.1259	-4.88053	-0.196643
1477010451150000	10.1563	21.0799	5.27137	3.22225	0.542537	radar	3.73404	9.30535	21.3896	10.5666	21.1131	-4.8784	-0.31604
1477010451200000	9.89641	21.0551	5.26865	3.24952	0.542664	lidar	0.0122035	10.189	21.209	10.3229	21.0943	-4.87349	-0.434674
1477010451250000	9.68755	21.046	5.18629	3.27155	0.538652	radar	1.58566	9.97958	21.2932	10.0795	21.0697	-4.86585	-0.552463
1477010451300000	9.43699	21.0073	5.17938	3.299	0.539045	lidar	0.0352226	9.99634	20.9797	9.83658	21.0391	-4.85554	-0.669327
1477010451350000	9.23852	20.9998	4.92649	3.31118	0.519001	radar	2.4173	9.38223	21.111	9.59422	21.0028	-4.84262	-0.785189
1477010451400000	9.0023	20.9536	4.91977	3.3377	0.51942	lidar	0.0330652	9.53921	20.8762	9.35258	20.9607	-4.82714	-0.899977
1477010451450000	8.91946	20.8766	4.75892	3.37373	0.528779	radar	2.72763	9.63392	20.9724	9.11177	20.9128	-4.80919	-1.01362
1477010451500000	8.68889	20.8196	4.75876	3.40018	0.528789	lidar	2.39833e-005	8.70331	20.8221	8.87192	20.8594	-4.78881	-1.12605
1477010451550000	8.75003	20.6247	4.47227	3.46295	0.555782	radar	4.54876	9.84634	20.009	8.63315	20.8003	-4.76608	-1.2372
1477010451600000	8.53597	20.553	4.47541	3.49043	0.555555	lidar	0.0115253	8.22277	20.4839	8.39557	20.7358	-4.74108	-1.34701
1477010451650000	8.30382	20.4751	4.56083	3.5177	0.556818	radar	0.126515	8.29647	20.4978	8.1593	20.6657	-4.71387	-1.45542
1477010451700000	8.09076	20.3901	4.56296	3.54527	0.556621	lidar	0.00511197	7.88599	20.45	7.92445	20.5903	-4.68453	-1.56237
1477010451750000	7.92917	20.3106	4.63553	3.57637	0.563681	radar	3.07341	8.29081	20.6565	7.69111	20.5096	-4.65313	-1.66781
1477010451800000	7.71481	20.213	4.64064	3.60379	0.563134	lidar	0.035676	7.18029	20.392	7.45939	20.4237	-4.61975	-1.7717
1477010451850000	7.43727	20.1287	4.64509	3.62125	0.553573	radar	0.626457	7.09214	20.1196	7.22939	20.3326	-4.58448	-1.87399
1477010451900000	7.22849	20.0211	4.64881	3.64829	0.553124	lidar	0.022197	6.81542	20.1859	7.00119	20.2364	-4.54738	-1.97462
1477010451950000	7.00494	19.9443	4.5851	3.66524	0.544084	radar	0.610474	6.89359	20.1536	6.7749	20.1352	-4.50854	-2.07357
1477010452000000	6.80376	19.8294	4.58868	3.69177	0.543612	lidar	0.0230975	6.38914	20.0137	6.55059	20.0292	-4.46805	-2.17079
1477010452050000	6.61279	19.7596	4.5491	3.70909	0.537407	radar	2.51782	6.67637	20.2142	6.32834	19.9183	-4.42598	-2.26625
1477010452100000	6.41724	19.6375	4.55357	3.73505	0.53678	lidar	0.0388688	5.86119	19.8306	6.10823	19.8027	-4.38241	-2.35993
1477010452150000	6.03465	19.527	4.82628	3.73818	0.52221	radar	2.78507	5.28178	19.5036	5.89034	19.6824	-4.33744	-2.45178
1477010452200000	5.83512	19.3905	4.8276	3.76397	0.52199	lidar	0.0061549	5.69089	19.5755	5.67472	19.5577	-4.29114	-2.5418
1477010452250000	5.71162	19.215	4.74995	3.80432	0.530611	radar	0.604676	5.9506	18.9859	5.46145	19.4284	-4.24359	-2.62995
1477010452300000	5.52242	19.0689	4.753	3.83009	0.530105	lidar	0.0292704	5.17021	19.4397	5.25059	19.2948	-4.19488	-2.71622
1477010452350000	5.45103	18.9636	4.45587	3.85986	0.529642	radar	3.88091	5.87397	19.301	5.04219	19.157	-4.1451	-2.80059
1477010452400000	5.28146	18.8168	4.45873	3.88563	0.52917	lidar	0.0201072	4.89149	18.982	4.8363	19.015	-4.09432	-2.88305
1477010452450000	4.87038	18.7304	4.72144	3.86422	0.498951	radar	3.56319	3.98679	19.0452	4.63297	18.8689	-4.04263	-2.96359
1477010452500000	4.69286	18.5739	4.72308	3.88866	0.498618	lidar	0.0131887	4.4685	18.834	4.43224	18.7188	-3.99012	-3.0422
1477010452550000	4.5566	18.4345	4.54071	3.91138	0.493953	radar	0.813239	4.69245	18.4634	4.23416	18.5648	-3.93685	-3.11888
1477010452600000	4.39399	18.276	4.54168	3.93575	0.493744	lidar	0.00661421	4.26269	18.481	4.03876	18.4071	-3.88293	-3.19362
1477010452650000	4.03016	18.1734	4.96693	3.92047	0.474169	radar	7.89686	3.42434	18.8357	3.84606	18.2457	-3.82841	-3.26644
1477010452700000	3.85199	17.9987	4.96937	3.94343	0.473688	lidar	0.0204563	3.45919	18.167	3.65611	18.0807	-3.77339	-3.33732
1477010452750000	3.80021	17.8476	4.65538	3.97651	0.47496	radar	2.77119	4.3011	17.9267	3.46891	17.9122	-3.71795	-3.40627
1477010452800000	3.64164	17.6751	4.65856	3.99936	0.474384	lidar	0.0304916	3.12525	17.7493	3.28449	17.7402	-3.66215	-3.47331
1477010452850000	3.28806	17.5411	4.9577	3.98157	0.45106	radar	3.45455	2.65664	17.888	3.10287	17.565	-3.60609	-3.53844
1477010452900000	3.12255	17.3565	4.95891	4.00361	0.450739	lidar	0.0269834	2.9449	17.8154	2.92405	17.3866	-3.54982	-3.60167
1477010452950000	3.03813	17.1301	5.04748	4.0499	0.468919	radar	0.849981	3.26647	17.0897	2.74805	17.2051	-3.49344	-3.66302
1477010453000000	2.88233	16.931	5.04943	4.07273	0.468529	lidar	0.0147309	2.55407	17.0853	2.57486	17.0205	-3.437	-3.72251
1477010453050000	2.69914	16.7903	4.74706	4.07515	0.450175	radar	2.95558	2.55039	16.8884	2.4045	16.833	-3.38059	-3.78014
1477010453100000	2.55732	16.5995	4.74874	4.09706	0.449799	lidar	0.0164262	2.25371	16.8334	2.23695	16.6427	-3.32428	-3.83595
1477010453150000	2.23498	16.4114	4.75047	4.07857	0.420584	radar	4.91468	1.57735	16.0489	2.07221	16.4497	-3.26812	-3.88995
1477010453200000	2.09479	16.2195	4.75151	4.0993	0.420393	lidar	0.0061505	1.88972	16.1054	1.91027	16.254	-3.21219	-3.94216
1477010453250000	1.90109	16.0664	4.68697	4.10058	0.406637	radar	0.837496	1.74362	16.2687	1.75112	16.0557	-3.15656	-3.99261
1477010453300000	1.76585	15.8746	4.68851	4.12033	0.406272	lidar	0.0162946	1.44745	16.0853	1.59474	15.8549	-3.10129	-4.04132
1477010453350000	1.63314	15.6358	4.93262	4.15031	0.416276	radar	1.59978	1.6097	15.5526	1.44111	15.6517	-3.04644	-4.08832
1477010453400000	1.5015	15.4269	4.93414	4.17062	0.415956	lidar	0.0112819	1.18395	15.4284	1.29021	15.4463	-2.99207	-4.13364
1477010453450000	1.23546	15.267	4.93045	4.15286	0.390684	radar	1.98186	0.828993	15.528	1.14201	15.2386	-2.93825	-4.1773
1477010453500000	1.10397	15.0579	4.9322	4.17181	0.390313	lidar	0.0165391	0.722706	15.0075	0.996486	15.0288	-2.88503	-4.21933
1477010453550000	0.979583	14.9034	4.74659	4.1811	0.381452	radar	1.95062	1.03147	15.2134	0.853604	14.8169	-2.83246	-4.25977
1477010453600000	0.86029	14.6985	4.74714	4.19998	0.381332	lidar	0.00169586	0.737301	14.7047	0.71333	14.603	-2.78061	-4.29864
1477010453650000	0.742449	14.4411	4.96602	4.22752	0.389454	radar	1.58947	0.722177	14.2445	0.575628	14.3872	-2.72952	-4.33598
1477010453700000	0.626341	14.2212	4.96762	4.24645	0.389101	lidar	0.0155835	0.253435	14.2029	0.440459	14.1696	-2.67925	-4.37181
1477010453750000	0.369955	13.97	5.30822	4.23876	0.375101	radar	2.72443	-0.0328023	13.9604	0.307779	13.9502	-2.62984	-4.40617
1477010453800000	0.252176	13.7334	5.30742	4.25782	0.3753	lidar	0.00504446	0.459172	13.6856	0.177545	13.7292	-2.58135	-4.43909
1477010453850000	0.117124	13.4967	5.4009	4.27377	0.375485	radar	0.467493	0.0524412	13.6377	0.0497099	13.5065	-2.53381	-4.47061
1477010453900000	0.00338963	13.252	5.40165	4.29227	0.375306	lidar	0.00431976	-0.190344	13.2856	-0.0757753	13.2823	-2.48728	-4.50075
1477010453950000	-0.159596	13.049	5.20972	4.28927	0.357405	radar	1.53335	-0.275043	13.1456	-0.198962	13.0566	-2.44179	-4.52955
1477010454000000	-0.262974	12.8114	5.20842	4.30754	0.357675	lidar	0.0122485	0.0462308	12.9301	-0.319903	12.8295	-2.39739	-4.55704
1477010454050000	-0.460868	12.5778	5.09399	4.29719	0.335126	radar	2.08651	-0.684792	12.3563	-0.438654	12.6011	-2.35412	-4.58326
1477010454100000	-0.56145	12.3447	5.09366	4.31406	0.335199	lidar	0.000845107	-0.476482	12.3633	-0.555273	12.3714	-2.31202	-4.60823
1477010454150000	-0.747461	12.1566	5.05968	4.3038	0.316802	radar	2.3088	-0.972122	12.5207	-0.669818	12.1404	-2.27111	-4.63198
1477010454200000	-0.845076	11.9245	5.05863	4.31996	0.317017	lidar	0.00913882	-0.582624	12.0386	-0.78235	11.9083	-2.23144	-4.65456
1477010454250000	-1.03678	11.6872	5.1076	4.3112	0.299827	radar	0.642412	-1.26757	11.6495	-0.892931	11.6751	-2.19304	-4.67598
1477010454300000	-1.13517	11.452	5.10778	4.32615	0.299797	lidar	0.000467921	-1.17212	11.3988	-1.00163	11.4409	-2.15594	-4.69628
1477010454350000	-1.14389	11.2222	4.86331	4.35701	0.305997	radar	2.6446	-0.891441	10.959	-1.1085	11.2057	-2.12017	-4.71549
1477010454400000	-1.22775	10.9942	4.86382	4.37213	0.305875	lidar	0.00330089	-1.39289	11.0424	-1.21362	10.9695	-2.08575	-4.73364
1477010454450000	-1.30034	10.7531	5.04063	4.39369	0.313408	radar	1.18758	-1.29894	10.9012	-1.31706	10.7324	-2.05273	-4.75075
1477010454500000	-1.37823	10.5136	5.04111	4.40923	0.313317	lidar	0.00255014	-1.49687	10.4198	-1.41889	10.4945	-2.02111	-4.76686
1477010454550000	-1.50067	10.2326	5.18773	4.41589	0.307789	radar	0.922054	-1.59293	10.0212	-1.51917	10.2559	-1.99093	-4.78198
1477010454600000	-1.57489	9.98478	5.18755	4.43125	0.307774	lidar	0.00730982	-1.61875	10.2374	-1.61797	10.0165	-1.96221	-4.79615
1477010454650000	-1.62976	9.78073	4.99608	4.44506	0.304456	radar	1.12804	-1.59702	9.96554	-1.71539	9.77637	-1.93498	-4.80939
1477010454700000	-1.69427	9.54004	4.99597	4.46025	0.304443	lidar	0.00351921	-1.73381	9.71347	-1.81147	9.53564	-1.90924	-4.82172
1477010454750000	-1.90713	9.27953	5.16387	4.43528	0.276545	radar	2.41882	-2.27191	9.37316	-1.90631	9.29431	-1.88502	-4.83316
1477010454800000	-1.9763	9.03099	5.16411	4.44912	0.276549	lidar	0.0077202	-1.93833	8.77028	-1.99998	9.05243	-1.86233	-4.84374
1477010454850000	-2.01563	8.84229	4.94507	4.46348	0.274429	radar	1.91071	-1.96565	9.13274	-2.09256	8.81003	-1.8412	-4.85347
1477010454900000	-2.07552	8.60264	4.94542	4.47711	0.274362	lidar	0.00156509	-2.1768	8.5411	-2.18412	8.56717	-1.82164	-4.86238
1477010454950000	-2.30742	8.32058	5.08084	4.44112	0.236875	radar	3.11109	-2.65862	8.19477	-2.27474	8.32388	-1.80365	-4.87047
1477010455000000	-2.37385	8.0761	5.08035	4.45309	0.236972	lidar	0.00334598	-2.21875	8.15339	-2.3645	8.0802	-1.78726	-4.87778
1477010455050000	-2.355	7.92561	4.87266	4.48434	0.251654	radar	5.1572	-2.273	8.52315	-2.45348	7.83617	-1.77248	-4.8843
1477010455100000	-2.40941	7.68822	4.87326	4.49677	0.251545	lidar	0.00472064	-2.59674	7.60288	-2.54177	7.59184	-1.75931	-4.89006
1477010455150000	-2.6693	7.43376	4.81942	4.44161	0.195863	radar	6.41662	-3.08256	7.38874	-2.62944	7.34723	-1.74777	-4.89507
1477010455200000	-2.73312	7.20152	4.81979	4.45134	0.195814	lidar	0.00258272	-2.79865	7.064	-2.71658	7.10238	-1.73786	-4.89933
1477010455250000	-2.7667	6.99055	4.84155	4.47198	0.206655	radar	0.800751	-2.79412	7.20818	-2.80326	6.85734	-1.72958	-4.90286
1477010455300000	-2.82322	6.75573	4.84117	4.48237	0.206704	lidar	0.00207504	-2.74651	6.86867	-2.88957	6.61214	-1.72295	-4.90566
1477010455350000	-2.81972	6.55731	4.52988	4.50079	0.2065	radar	3.38274	-2.57673	6.36755	-2.97559	6.36681	-1.71797	-4.90774
1477010455400000	-2.86659	6.33586	4.53016	4.51108	0.206472	lidar	0.00139057	-2.90217	6.22989	-3.0614	6.12139	-1.71464	-4.90911
1477010455450000	-3.08396	6.05468	4.76355	4.46932	0.166387	radar	4.90866	-3.50172	6.10796	-3.14709	5.87592	-1.71297	-4.90976
1477010455500000	-3.1408	5.82328	4.76417	4.47759	0.166335	lidar	0.00965626	-3.1778	5.53101	-3.23274	5.63043	-1.71295	-4.9097
1477010455550000	-3.27428	5.54519	4.71445	4.45197	0.131848	radar	3.62845	-3.19736	5.19093	-3.31843	5.38496	-1.71458	-4.90893
1477010455600000	-3.33475	5.31728	4.71508	4.4585	0.131787	lidar	0.00602798	-3.43031	5.10507	-3.40424	5.13955	-1.71787	-4.90745
1477010455650000	-3.41876	5.05645	4.80411	4.45862	0.127011	radar	0.342471	-3.4281	4.94644	-3.49026	4.89422	-1.72281	-4.90525
1477010455700000	-3.47904	4.82363	4.80524	4.46485	0.126907	lidar	0.0152873	-3.69435	4.52196	-3.57657	4.64902	-1.72939	-4.90233
1477010455750000	-3.63152	4.5264	4.80686	4.42889	0.0822022	radar	4.98339	-3.50501	4.17643	-3.66325	4.40398	-1.73763	-4.89868
1477010455800000	-3.69903	4.29543	4.80809	4.43287	0.0820901	lidar	0.0171186	-4.00238	4.04684	-3.75039	4.15913	-1.74749	-4.8943
1477010455850000	-3.8341	4.03358	4.93666	4.41636	0.0655455	radar	1.29009	-4.06447	4.10977	-3.83806	3.91452	-1.75899	-4.88918
1477010455900000	-3.90595	3.7976	4.93672	4.41964	0.0655481	lidar	0.000305526	-3.88053	3.75177	-3.92635	3.67019	-1.77212	-4.8833
1477010455950000	-4.0352	3.61267	4.80231	4.39134	0.0307817	radar	3.735	-4.23729	3.88878	-4.01533	3.42616	-1.78686	-4.87666
1477010456000000	-4.11108	3.38479	4.80284	4.39287	0.0307662	lidar	0.003212	-4.15119	3.21968	-4.10509	3.18248	-1.8032	-4.86925
1477010456050000	-4.28312	3.06189	5.04245	4.3585	-0.00787033	radar	3.42082	-4.27467	2.88187	-4.19571	2.93919	-1.82113	-4.86104
1477010456100000	-4.37068	2.82528	5.04315	4.35812	-0.00786673	lidar	0.00864705	-4.32451	2.55034	-4.28727	2.69633	-1.84065	-4.85202
1477010456150000	-4.47445	2.5349	5.17445	4.35468	-0.0115611	radar	0.68945	-4.38481	2.39989	-4.37985	2.45393	-1.86173	-4.84218
1477010456200000	-4.56524	2.29249	5.17512	4.3541	-0.0115586	lidar	0.00472163	-4.61223	2.09192	-4.47352	2.21205	-1.88436	-4.83149
1477010456250000	-4.68527	2.02371	5.26348	4.32792	-0.0499793	radar	5.23188	-4.29257	1.92854	-4.56836	1.97072	-1.90853	-4.81994
1477010456300000	-4.78436	1.77969	5.26432	4.32543	-0.0499643	lidar	0.00747639	-4.86829	1.53442	-4.66444	1.72998	-1.93422	-4.80751
1477010456350000	-4.93736	1.47595	5.50241	4.30727	-0.0694605	radar	1.39633	-4.98165	1.43611	-4.76186	1.48989	-1.9614	-4.79417
1477010456400000	-5.04579	1.22345	5.50178	4.30385	-0.0694435	lidar	0.0163322	-4.66779	1.28643	-4.86066	1.25049	-1.99007	-4.7799
1477010456450000	-5.12538	1.03383	5.30379	4.30089	-0.0697368	radar	0.99975	-4.98594	1.10894	-4.96095	1.01182	-2.02019	-4.76468
1477010456500000	-5.23137	0.791051	5.30334	4.29745	-0.0697212	lidar	0.0158892	-4.85498	0.825661	-5.06277	0.77393	-2.05174	-4.74848
1477010456550000	-5.2976	0.418752	5.5645	4.31751	-0.0492625	radar	5.71058	-4.84736	0.18101	-5.16621	0.536876	-2.08471	-4.73127
1477010456600000	-5.40449	0.162228	5.56404	4.31507	-0.0492659	lidar	0.00981184	-5.1231	0.257311	-5.27133	0.300706	-2.11906	-4.71303
1477010456650000	-5.52449	-0.0401258	5.32994	4.31418	-0.0376363	radar	5.27061	-5.99809	-0.290765	-5.3782	0.0654719	-2.15477	-4.69374
1477010456700000	-5.62745	-0.285559	5.32955	4.31233	-0.037634	lidar	0.0125312	-5.29972	-0.212982	-5.4869	-0.168772	-2.1918	-4.67335
1477010456750000	-5.74887	-0.388775	5.08446	4.28103	-0.0702867	radar	3.23726	-5.64447	-0.144522	-5.59748	-0.401971	-2.23014	-4.65185
1477010456800000	-5.85534	-0.619211	5.08401	4.27746	-0.0703447	lidar	0.00334649	-5.85359	-0.445801	-5.71001	-0.634069	-2.26974	-4.62919
1477010456850000	-5.93525	-0.872716	5.29475	4.27085	-0.084036	radar	6.95733	-5.30947	-0.724468	-5.82456	-0.865006	-2.31058	-4.60536
1477010456900000	-6.04842	-1.112	5.29504	4.26673	-0.0839661	lidar	0.00594782	-5.87835	-1.26863	-5.94118	-1.09472	-2.35262	-4.58032
1477010456950000	-6.09701	-1.42964	5.37845	4.28873	-0.0602278	radar	3.51738	-5.68069	-1.52871	-6.05993	-1.32316	-2.39581	-4.55404
1477010457000000	-6.20778	-1.6743	5.37812	4.28565	-0.0602922	lidar	0.00349447	-6.27263	-1.50938	-6.18087	-1.55025	-2.44014	-4.52648
1477010457050000	-6.33968	-1.92735	5.6461	4.26929	-0.0806695	radar	3.67951	-6.11355	-1.75966	-6.30406	-1.77593	-2.48555	-4.49762
1477010457100000	-6.46083	-2.18201	5.64598	4.26526	-0.0806681	lidar	0.00184882	-6.34007	-2.13685	-6.42954	-2.00014	-2.532	-4.46742
1477010457150000	-6.63864	-2.34172	5.44887	4.23533	-0.10313	radar	3.43738	-6.99344	-2.17445	-6.55738	-2.22281	-2.57946	-4.43585
1477010457200000	-6.76414	-2.58313	5.4486	4.23012	-0.103188	lidar	0.00219055	-6.79288	-2.4458	-6.68761	-2.44386	-2.62788	-4.40288
1477010457250000	-6.93392	-2.7818	5.4355	4.20752	-0.119763	radar	1.129	-7.14408	-2.67584	-6.82029	-2.66323	-2.6772	-4.36847
1477010457300000	-7.06546	-3.01937	5.43563	4.20163	-0.119679	lidar	0.00856169	-6.8003	-3.10086	-6.95546	-2.88084	-2.7274	-4.3326
1477010457350000	-7.18379	-3.23928	5.319	4.19715	-0.117436	radar	0.315419	-7.13937	-3.22028	-7.09316	-3.09663	-2.7784	-4.29523
1477010457400000	-7.31505	-3.46995	5.31859	4.19124	-0.117482	lidar	0.00888319	-7.12118	-3.26434	-7.23344	-3.3105	-2.83017	-4.25632
1477010457450000	-7.46485	-3.75498	5.37337	4.19572	-0.10517	radar	2.68332	-7.77186	-4.08999	-7.37632	-3.5224	-2.88265	-4.21586
1477010457500000	-7.59793	-3.98731	5.37244	4.19027	-0.105367	lidar	0.028725	-7.49009	-3.49081	-7.52184	-3.73223	-2.93579	-4.1738
1477010457550000	-7.72909	-4.1691	5.34365	4.17311	-0.118282	radar	1.71399	-7.52393	-3.88213	-7.67004	-3.93992	-2.98953	-4.13012
1477010457600000	-7.86671	-4.39764	5.34347	4.16714	-0.118333	lidar	0.0011303	-7.88049	-4.29783	-7.82094	-4.14538	-3.04381	-4.08479
1477010457650000	-8.01666	-4.60992	5.31298	4.15619	-0.122593	radar	0.0958718	-8.08524	-4.57834	-7.97457	-4.34854	-3.09857	-4.03778
1477010457700000	-8.15738	-4.83485	5.31291	4.15002	-0.122631	lidar	0.000657951	-8.22492	-4.79812	-8.13095	-4.5493	-3.15376	-3.98906
1477010457750000	-8.30641	-5.00808	5.07169	4.1355	-0.128054	radar	1.49449	-8.453	-4.95621	-8.2901	-4.74759	-3.2093	-3.93862
1477010457800000	-8.44498	-5.21988	5.07149	4.12908	-0.128077	lidar	0.0027777	-8.33552	-5.1059	-8.45204	-4.94331	-3.26514	-3.88641
1477010457850000	-8.61008	-5.30567	4.87298	4.09198	-0.155391	radar	3.90303	-8.55062	-4.79248	-8.61678	-5.13637	-3.32121	-3.83242
1477010457900000	-8.75238	-5.50313	4.873	4.08415	-0.15544	lidar	0.00295697	-8.91477	-5.51752	-8.78433	-5.32669	-3.37745	-3.77663
1477010457950000	-8.92064	-5.69906	4.94743	4.07075	-0.160366	radar	0.304615	-9.04115	-5.69364	-8.95469	-5.51417	-3.43377	-3.71901
1477010458000000	-9.06916	-5.89631	4.94728	4.06269	-0.160405	lidar	0.00111411	-9.03391	-5.80267	-9.12788	-5.69872	-3.49012	-3.65955
1477010458050000	-9.2039	-5.98402	4.77268	4.03468	-0.17834	radar	5.50797	-8.86897	-5.41973	-9.30388	-5.88026	-3.54643	-3.59823
1477010458100000	-9.35423	-6.16835	4.77215	4.02556	-0.178518	lidar	0.0134634	-9.30811	-5.82368	-9.4827	-6.05868	-3.60261	-3.53503
1477010458150000	-9.54725	-6.35499	4.85836	4.00888	-0.184618	radar	0.973844	-9.80646	-6.41174	-9.66432	-6.23389	-3.6586	-3.46994
1477010458200000	-9.70474	-6.53945	4.85838	3.99971	-0.184574	lidar	0.000744677	-9.62547	-6.55958	-9.84874	-6.4058	-3.71431	-3.40295
1477010458250000	-9.99892	-6.64841	5.03567	3.94742	-0.219362	radar	6.30691	-10.6688	-6.35543	-10.0359	-6.57431	-3.76969	-3.33404
1477010458300000	-10.174	-6.82887	5.03568	3.93643	-0.21938	lidar	0.000288026	-10.2246	-6.83402	-10.2259	-6.73933	-3.82463	-3.26321
1477010458350000	-10.3534	-6.97192	5.0677	3.91684	-0.226934	radar	1.06628	-10.2205	-6.71044	-10.4186	-6.90075	-3.87907	-3.19046
1477010458400000	-10.5352	-7.14815	5.06793	3.90548	-0.226944	lidar	0.00798988	-10.7616	-7.29159	-10.614	-7.05849	-3.93293	-3.11577
1477010458450000	-10.7687	-7.24026	5.08174	3.86692	-0.248654	radar	1.58986	-10.8944	-6.83335	-10.8121	-7.21245	-3.98613	-3.03916
1477010458500000	-10.9598	-7.40755	5.08201	3.85447	-0.248668	lidar	0.01057	-11.2219	-7.56979	-11.0128	-7.36252	-4.03859	-2.96062
1477010458550000	-11.1349	-7.54128	4.99311	3.83843	-0.25182	radar	0.733251	-10.986	-7.3707	-11.2161	-7.50862	-4.09021	-2.88015
1477010458600000	-11.3265	-7.70034	4.993	3.82597	-0.251721	lidar	0.00610343	-11.0934	-7.6776	-11.422	-7.65064	-4.14093	-2.79777
1477010458650000	-11.5235	-7.79473	4.92869	3.79927	-0.262916	radar	1.28768	-11.4213	-7.46085	-11.6304	-7.78849	-4.19066	-2.71349
1477010458700000	-11.7188	-7.94375	4.92848	3.78613	-0.262909	lidar	0.00576019	-11.5269	-7.8215	-11.8413	-7.92208	-4.23932	-2.6273
1477010458750000	-11.9113	-8.03638	4.71109	3.76165	-0.271674	radar	1.17095	-11.9422	-7.88317	-12.0546	-8.05131	-4.28682	-2.53924
1477010458800000	-12.1036	-8.17145	4.71102	3.74799	-0.27173	lidar	0.000791201	-12.09	-8.08828	-12.2702	-8.17609	-4.33309	-2.44932
1477010458850000	-12.3534	-8.2805	4.99063	3.72092	-0.281268	radar	2.32546	-12.4462	-8.02117	-12.4881	-8.29633	-4.37802	-2.35756
1477010458900000	-12.5626	-8.41507	4.99043	3.7068	-0.281316	lidar	0.0048439	-12.4231	-8.2599	-12.7082	-8.41193	-4.42156	-2.26399
1477010458950000	-12.7642	-8.46944	4.72573	3.67581	-0.294511	radar	2.0652	-12.7461	-8.19449	-12.9304	-8.5228	-4.4636	-2.16863
1477010459000000	-12.9687	-8.5876	4.72602	3.6609	-0.294639	lidar	0.0119507	-13.2911	-8.64594	-13.1547	-8.62886	-4.50407	-2.07151
1477010459050000	-13.2735	-8.65671	4.91079	3.62157	-0.31125	radar	2.9688	-13.7929	-8.47158	-13.381	-8.73002	-4.54289	-1.97267
1477010459100000	-13.4918	-8.76756	4.91064	3.60587	-0.311353	lidar	0.00538591	-13.384	-8.57583	-13.6092	-8.82619	-4.57997	-1.87214
1477010459150000	-13.7052	-8.75611	4.61153	3.56167	-0.3335	radar	3.85307	-13.6376	-8.26344	-13.8392	-8.91729	-4.61524	-1.76997
1477010459200000	-13.9159	-8.84853	4.61163	3.54511	-0.333418	lidar	0.00302462	-13.9959	-8.99264	-14.0709	-9.00324	-4.64861	-1.6662
1477010459250000	-14.2011	-8.92975	4.92601	3.52001	-0.337154	radar	2.6443	-14.4737	-8.79552	-14.3043	-9.08395	-4.68001	-1.56086
1477010459300000	-14.4299	-9.01922	4.92598	3.50337	-0.337	lidar	0.00316103	-14.4273	-9.1875	-14.5391	-9.15936	-4.70936	-1.45402
1477010459350000	-14.6323	-9.13041	4.81419	3.49476	-0.332151	radar	0.482296	-14.5757	-9.32634	-14.7754	-9.22939	-4.73658	-1.34573
1477010459400000	-14.8592	-9.21019	4.81454	3.47775	-0.332423	lidar	0.00768214	-15.062	-9.04396	-15.013	-9.29397	-4.76161	-1.23603
1477010459450000	-15.1354	-9.32648	4.85967	3.464	-0.329905	radar	4.45913	-15.6189	-9.69365	-15.2517	-9.35302	-4.78436	-1.125
1477010459500000	-15.3663	-9.40126	4.86001	3.44748	-0.329919	lidar	0.0132149	-15.6682	-9.56749	-15.4916	-9.40649	-4.80476	-1.01269
1477010459550000	-15.6238	-9.4235	4.68954	3.41381	-0.342968	radar	1.79071	-15.9382	-9.35751	-15.7324	-9.45431	-4.82275	-0.899159
1477010459600000	-15.8499	-9.4842	4.68982	3.39662	-0.342992	lidar	0.00765772	-16.0862	-9.59819	-15.9741	-9.49642	-4.83827	-0.784484
1477010459650000	-16.161	-9.41235	4.69281	3.3393	-0.370049	radar	2.10655	-16.6033	-8.85459	-16.2164	-9.53277	-4.85124	-0.668734
1477010459700000	-16.3912	-9.45537	4.69296	3.32064	-0.370156	lidar	0.000921998	-16.4229	-9.37029	-16.4594	-9.5633	-4.8616	-0.55198
1477010459750000	-16.5495	-9.49013	4.58128	3.30732	-0.367938	radar	3.8204	-16.011	-9.33486	-16.7027	-9.58797	-4.8693	-0.434301
1477010459800000	-16.7763	-9.52396	4.58209	3.28847	-0.368233	lidar	0.0136421	-17.1132	-9.43043	-16.9464	-9.60673	-4.87427	-0.315773
1477010459850000	-16.9689	-9.76778	4.71646	3.32682	-0.329087	radar	7.17809	-16.9255	-10.8571	-17.1903	-9.61954	-4.87646	-0.196479
1477010459900000	-17.2019	-9.80646	4.71761	3.30966	-0.329539	lidar	0.0191417	-17.5448	-9.57485	-17.4342	-9.62636	-4.87583	-0.0765024
1477010459950000	-17.5179	-9.74316	4.67975	3.25998	-0.351905	radar	3.22637	-18.1371	-9.39146	-17.6781	-9.62717	-4.87232	0.0440703
1477010460000000	-17.7514	-9.76548	4.68092	3.24158	-0.35242	lidar	0.0186085	-17.9724	-9.42299	-17.9216	-9.62194	-4.86588	0.165151
1477010460050000	-18.0295	-9.66998	4.59706	3.18963	-0.376189	radar	1.43753	-18.3083	-9.18778	-18.1648	-9.61064	-4.85648	0.286648
1477010460100000	-18.2588	-9.67789	4.59727	3.17068	-0.376278	lidar	0.000550603	-18.2763	-9.60997	-18.4074	-9.59325	-4.84408	0.40847
1477010460150000	-18.4725	-9.68868	4.68232	3.15759	-0.370854	radar	1.07312	-18.2443	-9.58547	-18.6493	-9.56977	-4.82864	0.530522
1477010460200000	-18.7071	-9.68779	4.68342	3.1385	-0.371199	lidar	0.0101706	-18.9545	-9.51544	-18.8904	-9.54017	-4.81012	0.652707
1477010460250000	-18.9404	-9.59628	4.7359	3.10052	-0.382479	radar	3.25306	-18.6983	-9.02886	-19.1305	-9.50447	-4.78851	0.774927
1477010460300000	-19.178	-9.5799	4.73776	3.08035	-0.383125	lidar	0.0275735	-19.2983	-9.09865	-19.3694	-9.46265	-4.76378	0.897083
1477010460350000	-19.4554	-9.40983	4.61879	3.01645	-0.414785	radar	2.25611	-19.7037	-8.79906	-19.6069	-9.41472	-4.73591	1.01907
1477010460400000	-19.6852	-9.3744	4.62084	2.99473	-0.41539	lidar	0.0228309	-19.8731	-8.96417	-19.8431	-9.36071	-4.70487	1.1408
1477010460450000	-20.0207	-9.05467	4.72479	2.90028	-0.461395	radar	6.11815	-20.3815	-7.6755	-20.0775	-9.30061	-4.67066	1.26215
1477010460500000	-20.2464	-9.00013	4.72195	2.8785	-0.460612	lidar	0.0407042	-20.1607	-9.59663	-20.3102	-9.23446	-4.63328	1.38303
1477010460550000	-20.454	-9.07623	4.74381	2.89341	-0.434881	radar	2.16254	-20.4587	-9.7448	-20.5409	-9.16227	-4.59271	1.50334
1477010460600000	-20.6826	-9.01417	4.74424	2.87148	-0.43499	lidar	0.00115318	-20.6596	-8.91527	-20.7696	-9.08409	-4.54895	1.62296
1477010460650000	-20.9882	-8.84825	4.79532	2.82252	-0.452534	radar	2.72356	-21.5568	-8.5005	-20.9959	-8.99994	-4.50202	1.74179
1477010460700000	-21.2133	-8.77127	4.79422	2.80022	-0.452345	lidar	0.00490348	-21.0195	-8.85081	-21.2198	-8.90987	-4.45191	1.85972
1477010460750000	-21.4783	-8.65296	4.7781	2.76563	-0.46173	radar	1.72934	-21.8628	-8.64129	-21.4412	-8.81393	-4.39865	1.97666
1477010460800000	-21.697	-8.56558	4.77545	2.74335	-0.461261	lidar	0.0147626	-21.5029	-8.87191	-21.6597	-8.71217	-4.34224	2.0925
1477010460850000	-21.9281	-8.25737	4.65728	2.65942	-0.505951	radar	4.54082	-21.9514	-7.41274	-21.8754	-8.60465	-4.2827	2.20712
1477010460900000	-22.1302	-8.15081	4.65375	2.63513	-0.505362	lidar	0.0223769	-21.9793	-8.57089	-22.0881	-8.49143	-4.22007	2.32043
1477010460950000	-22.337	-8.01939	4.79725	2.61562	-0.495335	radar	1.70671	-22.1914	-7.70392	-22.2975	-8.37258	-4.15437	2.43232
1477010461000000	-22.5405	-7.90027	4.79384	2.5918	-0.494793	lidar	0.0231906	-22.5838	-8.35296	-22.5035	-8.24817	-4.08564	2.5427
1477010461050000	-22.6759	-7.91564	4.64094	2.59538	-0.479711	radar	1.46712	-22.3177	-8.57758	-22.7061	-8.11829	-4.01391	2.65145
1477010461100000	-22.8723	-7.79061	4.64239	2.57108	-0.479893	lidar	0.00301958	-22.9861	-7.6724	-22.9049	-7.98301	-3.93923	2.75848
1477010461150000	-23.0476	-7.73987	4.41397	2.55257	-0.484831	radar	3.74179	-23.2693	-8.32031	-23.1	-7.84243	-3.86163	2.8637
1477010461200000	-23.2292	-7.61321	4.41536	2.52808	-0.484969	lidar	0.00713546	-23.4777	-7.56583	-23.2911	-7.69663	-3.78118	2.967
1477010461250000	-23.4476	-7.42057	4.64016	2.5018	-0.478776	radar	1.58782	-23.473	-7.02103	-23.4781	-7.54572	-3.69792	3.06828
1477010461300000	-23.6304	-7.28053	4.63905	2.47808	-0.47865	lidar	0.00162224	-23.5408	-7.36069	-23.6609	-7.3898	-3.61191	3.16746
1477010461350000	-23.8519	-7.0377	4.7621	2.43829	-0.486064	radar	0.63386	-24.0505	-6.56968	-23.8393	-7.22897	-3.52321	3.26445
1477010461400000	-24.0291	-6.88569	4.75792	2.41485	-0.485581	lidar	0.0168297	-23.9384	-7.26171	-24.0132	-7.06336	-3.43189	3.35916
1477010461450000	-24.2296	-6.57082	4.82577	2.35604	-0.509306	radar	1.15952	-24.3577	-5.94086	-24.1825	-6.89307	-3.33801	3.45149
1477010461500000	-24.3964	-6.39851	4.82486	2.33071	-0.50923	lidar	0.00230737	-24.2574	-6.4352	-24.347	-6.71823	-3.24166	3.54138
1477010461550000	-24.5511	-6.33939	4.63545	2.31721	-0.511259	radar	4.2763	-24.788	-7.18367	-24.5066	-6.53896	-3.14289	3.62873
1477010461600000	-24.7037	-6.17125	4.6309	2.29235	-0.510881	lidar	0.0261357	-24.3008	-6.43799	-24.6612	-6.35538	-3.0418	3.71347
1477010461650000	-24.8219	-5.9921	4.5665	2.25932	-0.51865	radar	0.671768	-24.6108	-6.00878	-24.8107	-6.16764	-2.93846	3.79553
1477010461700000	-24.9635	-5.81443	4.56586	2.23353	-0.518567	lidar	0.00492347	-25.146	-5.91902	-24.955	-5.97587	-2.83295	3.87484
1477010461750000	-25.0926	-5.52964	4.64548	2.18854	-0.528913	radar	1.51283	-24.8975	-5.02285	-25.094	-5.7802	-2.72537	3.95132
1477010461800000	-25.2226	-5.34221	4.64151	2.1627	-0.528591	lidar	0.0103252	-25.1941	-5.64372	-25.2276	-5.58079	-2.61581	4.02492
1477010461850000	-25.3741	-5.22388	4.66172	2.16121	-0.506777	radar	1.15721	-25.5328	-5.4399	-25.3556	-5.37777	-2.50435	4.09557
1477010461900000	-25.5002	-5.02918	4.66097	2.136	-0.506711	lidar	0.00116173	-25.5713	-5.10241	-25.4779	-5.1713	-2.39109	4.16322
1477010461950000	-25.5583	-5.17742	4.38083	2.16949	-0.46624	radar	5.75141	-25.0178	-6.55904	-25.5946	-4.96152	-2.27613	4.22781
1477010462000000	-25.6787	-4.99351	4.38219	2.146	-0.46633	lidar	0.0010163	-25.6952	-4.89995	-25.7055	-4.7486	-2.15956	4.2893
1477010462050000	-25.808	-4.73692	4.48074	2.1155	-0.468069	radar	0.290151	-25.8162	-4.40681	-25.8105	-4.53268	-2.04149	4.34764
1477010462100000	-25.9214	-4.53996	4.48474	2.0916	-0.468338	lidar	0.00852196	-25.9516	-4.26659	-25.9096	-4.31392	-1.92202	4.40279
1477010462150000	-26.0714	-4.31941	4.37912	2.05044	-0.496308	radar	11.3107	-26.8953	-4.43966	-26.0027	-4.0925	-1.80125	4.45471
1477010462200000	-26.1698	-4.11774	4.38544	2.02485	-0.496727	lidar	0.0221297	-26.1198	-3.67723	-26.0897	-3.86856	-1.67928	4.50337
1477010462250000	-26.2564	-3.85882	4.3102	1.97039	-0.532012	radar	4.12561	-26.5652	-3.85723	-26.1706	-3.64227	-1.55623	4.54875
1477010462300000	-26.3368	-3.65399	4.31544	1.94312	-0.532373	lidar	0.0314103	-25.9974	-3.24722	-26.2453	-3.41381	-1.4322	4.59081
1477010462350000	-26.3813	-3.32142	4.35507	1.87803	-0.569036	radar	2.25067	-26.2976	-3.01078	-26.3138	-3.18332	-1.30729	4.62954
1477010462400000	-26.4433	-3.11012	4.35802	1.84921	-0.569228	lidar	0.0140647	-26.1741	-2.87885	-26.376	-2.95098	-1.18162	4.66493
1477010462450000	-26.4835	-2.97528	4.25962	1.82176	-0.574729	radar	0.615069	-26.4681	-3.44967	-26.4319	-2.71697	-1.05529	4.69696
1477010462500000	-26.5328	-2.76769	4.26036	1.79299	-0.574743	lidar	0.00231509	-26.674	-2.73852	-26.4815	-2.48143	-0.928411	4.72562
1477010462550000	-26.5966	-2.42484	4.42001	1.75691	-0.573733	radar	1.01129	-26.657	-1.72382	-26.5247	-2.24456	-0.80109	4.75091
1477010462600000	-26.6337	-2.2067	4.4206	1.72818	-0.573749	lidar	0.000265409	-26.6691	-2.17333	-26.5616	-2.0065	-0.673434	4.77284
1477010462650000	-26.65	-1.90326	4.51048	1.69688	-0.566385	radar	2.50476	-26.3248	-1.32261	-26.5921	-1.76744	-0.545553	4.79141
1477010462700000	-26.6745	-1.67742	4.51253	1.66838	-0.566463	lidar	0.00716011	-26.4671	-1.53207	-26.6161	-1.52753	-0.417552	4.80664
1477010462750000	-26.6519	-1.54234	4.39984	1.62807	-0.58652	radar	1.78275	-26.4998	-2.19526	-26.6338	-1.28695	-0.289538	4.81852
1477010462800000	-26.6608	-1.32025	4.40267	1.59857	-0.586576	lidar	0.00396248	-26.5998	-1.14277	-26.6451	-1.04586	-0.161616	4.8271
1477010462850000	-26.712	-1.20025	4.30386	1.58497	-0.579	radar	3.56886	-27.2008	-1.67679	-26.65	-0.804425	-0.0338883	4.83238
1477010462900000	-26.7118	-0.97981	4.31015	1.55575	-0.579056	lidar	0.0167133	-26.7355	-0.59539	-26.6485	-0.562811	0.0935412	4.83439
1477010462950000	-26.7139	-0.586871	4.54485	1.5099	-0.596068	radar	2.363	-26.9891	0.0351487	-26.6406	-0.321181	0.220572	4.83317
1477010463000000	-26.6964	-0.354654	4.55156	1.47982	-0.596114	lidar	0.0258554	-26.4553	0.0602653	-26.6264	-0.0796947	0.347104	4.82874
1477010463050000	-26.686	-0.0954752	4.61707	1.44601	-0.604061	radar	2.09622	-26.9537	0.136943	-26.6059	0.161489	0.473041	4.82116
1477010463100000	-26.6536	0.140376	4.62561	1.41561	-0.604025	lidar	0.0215573	-26.6201	0.57588	-26.5792	0.402213	0.598287	4.81045
1477010463150000	-26.6523	0.317194	4.52793	1.40149	-0.586775	radar	1.89532	-26.8241	0.381506	-26.5462	0.642323	0.722748	4.79667
1477010463200000	-26.6109	0.549985	4.5395	1.37203	-0.586624	lidar	0.0311395	-26.7293	1.06082	-26.5069	0.881666	0.846334	4.77986
1477010463250000	-26.5444	1.14567	4.84172	1.35357	-0.552999	radar	9.70536	-25.9562	2.60409	-26.4616	1.12009	0.968955	4.76007
1477010463300000	-26.489	1.38202	4.84259	1.3259	-0.552994	lidar	0.00109189	-26.3986	1.42212	-26.4101	1.35745	1.09053	4.73737
1477010463350000	-26.4794	1.10948	4.24066	1.31353	-0.543611	radar	6.59553	-26.5072	-0.563928	-26.3526	1.59361	1.21096	4.71181
1477010463400000	-26.4225	1.32194	4.24954	1.28637	-0.543434	lidar	0.0255458	-26.3594	1.79315	-26.2891	1.82841	1.33018	4.68345
1477010463450000	-26.3561	1.58993	4.32044	1.25956	-0.542104	radar	0.115523	-26.3475	1.82827	-26.2197	2.06173	1.44811	4.65235
1477010463500000	-26.287	1.80093	4.32719	1.23254	-0.541937	lidar	0.0167951	-26.2502	2.18481	-26.1444	2.29342	1.56467	4.61859
1477010463550000	-26.2241	2.03072	4.25164	1.21741	-0.522725	radar	1.46681	-26.069	2.27896	-26.0633	2.52336	1.67979	4.58223
1477010463600000	-26.1476	2.23815	4.26118	1.19146	-0.522446	lidar	0.0373023	-26.0641	2.80701	-25.9765	2.75141	1.79339	4.54334
1477010463650000	-26.0612	2.56901	4.49519	1.1627	-0.531505	radar	2.33099	-26.3234	3.02388	-25.8841	2.97746	1.90543	4.502
1477010463700000	-25.9687	2.78387	4.50555	1.13641	-0.531162	lidar	0.0476734	-25.8345	3.42005	-25.7861	3.20139	2.01582	4.45828
1477010463750000	-25.8982	3.12431	4.6241	1.12417	-0.518656	radar	2.26467	-26.1824	3.73376	-25.6826	3.42306	2.12452	4.41227
1477010463800000	-25.7956	3.33616	4.629	1.0984	-0.518483	lidar	0.0119368	-25.6666	3.63509	-25.5737	3.64239	2.23146	4.36404
1477010463850000	-25.6823	3.4627	4.55169	1.06586	-0.523798	radar	0.477218	-25.5773	3.13316	-25.4596	3.85924	2.3366	4.31367
1477010463900000	-25.5698	3.66499	4.55641	1.03992	-0.523584	lidar	0.0161785	-25.7492	3.99968	-25.3402	4.07353	2.43989	4.26125
1477010463950000	-25.4504	3.83809	4.5084	1.01335	-0.521827	radar	0.208744	-25.3516	3.75691	-25.2157	4.28514	2.54127	4.20686
1477010464000000	-25.328	4.03548	4.51658	0.987634	-0.521494	lidar	0.0378537	-25.0214	4.52803	-25.0863	4.49399	2.64071	4.15058
1477010464050000	-25.1347	4.24064	4.45298	0.957518	-0.51458	radar	9.32726	-24.2719	4.30917	-24.9518	4.69998	2.73817	4.09251
1477010464100000	-25.004	4.42745	4.45954	0.932201	-0.514248	lidar	0.0236849	-25.0363	4.88499	-24.8126	4.90303	2.83361	4.03273
1477010464150000	-24.8207	4.6782	4.52133	0.907054	-0.510224	radar	2.27697	-24.3609	4.95947	-24.6686	5.10304	2.92701	3.97132
1477010464200000	-24.6786	4.86171	4.52872	0.882036	-0.509832	lidar	0.0305967	-24.5041	5.35293	-24.5201	5.29995	3.01833	3.90839
1477010464250000	-24.497	5.08705	4.70462	0.850862	-0.519401	radar	0.745738	-24.4379	5.24592	-24.367	5.49367	3.10754	3.84401
1477010464300000	-24.3392	5.26726	4.70999	0.825279	-0.519099	lidar	0.0189331	-24.1159	5.61152	-24.2095	5.68414	3.19464	3.77827
1477010464350000	-24.2133	5.30856	4.65416	0.784886	-0.535038	radar	1.80739	-24.5638	4.75836	-24.0477	5.8713	3.27959	3.71127
1477010464400000	-24.0459	5.47748	4.66073	0.758695	-0.534621	lidar	0.0263977	-23.9153	5.94377	-23.8818	6.05508	3.36239	3.64309
1477010464450000	-23.8804	5.76834	4.50081	0.760288	-0.501767	radar	4.84081	-23.5491	6.44495	-23.7117	6.23542	3.44302	3.57383
1477010464500000	-23.7152	5.92649	4.50559	0.73567	-0.501425	lidar	0.0154777	-23.6471	6.29102	-23.5377	6.41227	3.52148	3.50357
1477010464550000	-23.5739	6.15326	4.46764	0.728945	-0.485432	radar	1.56483	-23.7544	6.53746	-23.3598	6.58559	3.59775	3.4324
1477010464600000	-23.4041	6.3083	4.47572	0.705482	-0.484848	lidar	0.0518901	-23.0099	6.86182	-23.1781	6.75533	3.67185	3.36041
1477010464650000	-23.2109	6.32462	4.36499	0.660101	-0.497037	radar	4.37028	-22.7862	5.74143	-22.9928	6.92146	3.74376	3.28768
1477010464700000	-23.0353	6.46489	4.37326	0.636159	-0.496398	lidar	0.0529347	-22.6991	7.063	-22.804	7.08393	3.8135	3.21431
1477010464750000	-22.7902	6.64715	4.56195	0.608099	-0.501003	radar	1.86671	-22.418	6.76159	-22.6117	7.24273	3.88106	3.14038
1477010464800000	-22.6004	6.78204	4.56817	0.583854	-0.50045	lidar	0.0329274	-22.5083	7.31524	-22.4161	7.39782	3.94647	3.06598
1477010464850000	-22.3094	7.10128	4.99614	0.571757	-0.499255	radar	3.43485	-22.0543	7.85452	-22.2173	7.54917	4.00974	2.99118
1477010464900000	-22.0974	7.23917	5.00058	0.547462	-0.498807	lidar	0.0243451	-22.1947	7.69478	-22.0154	7.69679	4.07087	2.91607
1477010464950000	-21.843	7.71966	5.08426	0.59001	-0.444949	radar	7.46161	-21.6178	9.0351	-21.8105	7.84064	4.12989	2.84074
1477010465000000	-21.6309	7.86013	5.08505	0.567882	-0.444871	lidar	0.00074519	-21.6473	7.94	-21.6026	7.98072	4.18681	2.76526
1477010465050000	-21.4729	7.96517	4.96833	0.550664	-0.439268	radar	1.54907	-21.8637	7.78661	-21.392	8.11703	4.24166	2.68971
1477010465100000	-21.2612	8.09132	4.9663	0.528371	-0.439472	lidar	0.0109484	-21.0853	7.83229	-21.1787	8.24957	4.29447	2.61417
1477010465150000	-20.9868	8.46856	5.01458	0.556682	-0.398079	radar	4.36836	-20.5503	9.28616	-20.9628	8.37833	4.34526	2.53871
1477010465200000	-20.7745	8.59766	5.01236	0.536531	-0.398239	lidar	0.00945662	-21.0519	8.50983	-20.7444	8.50333	4.39406	2.46341
1477010465250000	-20.4544	8.84039	5.315	0.518057	-0.40456	radar	3.31338	-19.9265	9.40847	-20.5237	8.62457	4.4409	2.38835
1477010465300000	-20.2242	8.96755	5.31202	0.497417	-0.40481	lidar	0.00871911	-20.21	8.68914	-20.3006	8.74206	4.48582	2.31358
1477010465350000	-20.0407	9.08145	5.11314	0.490708	-0.387506	radar	1.62652	-20.2277	8.8532	-20.0753	8.85583	4.52884	2.23919
1477010465400000	-19.8169	9.19628	5.10821	0.470739	-0.387863	lidar	0.0189808	-20.0633	8.86724	-19.848	8.96589	4.57001	2.16524
1477010465450000	-19.6672	9.21651	4.83674	0.448403	-0.382628	radar	1.70742	-19.9264	8.78179	-19.6186	9.07227	4.60937	2.09179
1477010465500000	-19.4506	9.31654	4.83277	0.428752	-0.382937	lidar	0.0138846	-19.4861	8.96665	-19.3873	9.17499	4.64694	2.01891
1477010465550000	-19.1058	9.59937	5.15526	0.431109	-0.372834	radar	2.66012	-18.5719	10.2069	-19.1542	9.27409	4.68278	1.94666
1477010465600000	-18.873	9.70167	5.1511	0.411835	-0.37321	lidar	0.0332612	-18.6786	9.19191	-18.9193	9.36959	4.71692	1.8751
1477010465650000	-18.7492	9.60614	4.95174	0.361274	-0.395317	radar	2.60173	-19.2825	8.98189	-18.6827	9.46154	4.7494	1.80429
1477010465700000	-18.5181	9.69056	4.95007	0.34125	-0.395468	lidar	0.00649158	-18.4242	9.46852	-18.4446	9.54996	4.78028	1.73429
1477010465750000	-18.2899	9.56409	5.04218	0.274389	-0.432015	radar	7.01795	-18.1634	8.72444	-18.2049	9.63492	4.80959	1.66514
1477010465800000	-18.046	9.63253	5.04461	0.253086	-0.431827	lidar	0.00924503	-17.7736	9.72478	-17.9639	9.71643	4.83737	1.59691
1477010465850000	-17.7488	9.77936	4.95233	0.250499	-0.413121	radar	3.43479	-17.2296	9.97767	-17.7214	9.79457	4.86368	1.52964
1477010465900000	-17.5083	9.84006	4.95356	0.230007	-0.413015	lidar	0.00321878	-17.3436	9.88109	-17.4777	9.86936	4.88856	1.46338
1477010465950000	-17.2348	9.96232	5.02027	0.221261	-0.405643	radar	0.27335	-17.1554	10.212	-17.2328	9.94087	4.91205	1.39818
1477010466000000	-16.9892	10.0171	5.02179	0.201226	-0.405485	lidar	0.00299511	-16.8876	10.145	-16.9868	10.0091	4.93421	1.33408
1477010466050000	-16.7266	10.0857	5.01042	0.185871	-0.400763	radar	0.209154	-16.5958	10.1078	-16.7396	10.0743	4.95507	1.27113
1477010466100000	-16.48	10.1315	5.01153	0.166055	-0.400623	lidar	0.00366626	-16.5153	10.3091	-16.4915	10.1362	4.97469	1.20937
1477010466150000	-16.1932	10.2608	5.06486	0.164321	-0.388191	radar	0.536061	-16.09	10.5824	-16.2424	10.1952	4.99311	1.14883
1477010466200000	-15.9444	10.2996	5.06375	0.144708	-0.388322	lidar	0.00191599	-16.006	10.1843	-15.9924	10.2511	5.01039	1.08956
1477010466250000	-15.7059	10.3616	4.95049	0.135958	-0.377437	radar	0.557233	-15.7234	10.41	-15.7416	10.3041	5.02655	1.03159
1477010466300000	-15.4621	10.3919	4.94859	0.116732	-0.377664	lidar	0.00585619	-15.5699	10.1904	-15.4899	10.3543	5.04166	0.974957
1477010466350000	-15.0278	10.5616	5.37685	0.118984	-0.369074	radar	6.10022	-14.2385	10.9109	-15.2376	10.4016	5.05576	0.919692
1477010466400000	-14.7623	10.5904	5.3752	0.100238	-0.369265	lidar	0.00496366	-14.9365	10.4722	-14.9846	10.4462	5.06889	0.865828
1477010466450000	-14.6165	10.469	4.90783	0.066794	-0.365915	radar	7.65081	-14.724	9.63507	-14.7309	10.4882	5.0811	0.813394
1477010466500000	-14.3732	10.4823	4.906	0.0481366	-0.366144	lidar	0.00772297	-14.4088	10.222	-14.4766	10.5276	5.09243	0.762418
1477010466550000	-14.0944	10.5153	4.93949	0.0351138	-0.362097	radar	0.358872	-13.9005	10.5238	-14.2218	10.5645	5.10293	0.712926
1477010466600000	-13.8465	10.5251	4.94209	0.0175657	-0.361742	lidar	0.0192925	-13.8049	10.9383	-13.9665	10.5989	5.11263	0.664944
1477010466650000	-13.5804	10.6127	4.75734	0.0258882	-0.3377	radar	2.37865	-13.3956	10.7857	-13.7107	10.631	5.12159	0.618496
1477010466700000	-13.3434	10.6173	4.75693	0.00891185	-0.337759	lidar	0.000497499	-13.3556	10.5517	-13.4545	10.6608	5.12983	0.573603
1477010466750000	-13.0639	10.6643	4.83686	0.0022241	-0.331764	radar	0.214792	-12.9374	10.8137	-13.1979	10.6884	5.13741	0.530288
1477010466800000	-12.822	10.6649	4.83793	-0.0140593	-0.331572	lidar	0.015349	-12.9591	11.0099	-12.9409	10.7138	5.14436	0.48857
1477010466850000	-12.4986	10.8088	4.8515	0.00937104	-0.302061	radar	2.02695	-12.2518	11.2495	-12.6836	10.7373	5.15071	0.448467
1477010466900000	-12.2577	10.8088	4.84995	-0.00606286	-0.302276	lidar	0.00590624	-12.3713	10.6091	-12.426	10.7587	5.15651	0.409997
1477010466950000	-12.0009	10.853	4.77039	-0.00464497	-0.287446	radar	0.570235	-11.9352	10.9161	-12.1681	10.7783	5.16179	0.373177
1477010467000000	-11.763	10.8514	4.77041	-0.0189431	-0.287403	lidar	0.0081432	-11.9451	11.0515	-11.91	10.7961	5.16658	0.338022
1477010467050000	-11.4274	10.9183	4.8605	-0.0115323	-0.271265	radar	1.87223	-10.9703	10.9676	-11.6516	10.8121	5.17092	0.304546
1477010467100000	-11.1859	10.914	4.85921	-0.0252912	-0.271395	lidar	0.00814193	-11.4548	10.9407	-11.393	10.8265	5.17484	0.272761
1477010467150000	-11.0282	10.7361	5.05143	-0.0997694	-0.324436	radar	6.28349	-11.3472	10.5111	-11.1342	10.8394	5.17836	0.242681
1477010467200000	-10.777	10.7102	5.05227	-0.115872	-0.324357	lidar	0.00354391	-10.6009	10.6823	-10.8753	10.8509	5.18153	0.214317
1477010467250000	-10.5472	10.7074	4.94281	-0.123579	-0.316498	radar	0.683634	-10.6563	10.8369	-10.6161	10.8609	5.18435	0.187679
1477010467300000	-10.3025	10.6762	4.94305	-0.139301	-0.316436	lidar	0.00576833	-10.4142	10.8747	-10.3569	10.8697	5.18687	0.162776
1477010467350000	-10.0244	10.8012	4.62863	-0.102947	-0.271342	radar	7.62108	-9.90413	11.2255	-10.0976	10.8772	5.1891	0.139618
1477010467400000	-9.79408	10.7777	4.6297	-0.116235	-0.271164	lidar	0.0119908	-9.83445	11.1032	-9.83809	10.8837	5.19106	0.118212
1477010467450000	-9.71834	10.6401	4.37744	-0.162149	-0.291	radar	2.40243	-10.195	10.3498	-9.57852	10.8891	5.19278	0.0985664
1477010467500000	-9.50105	10.6059	4.38001	-0.176146	-0.29064	lidar	0.0247645	-9.3066	11.0348	-9.31887	10.8936	5.19428	0.0806865
1477010467550000	-9.3049	10.5452	4.25214	-0.194099	-0.289978	radar	0.878609	-9.2226	10.3527	-9.05915	10.8972	5.19557	0.0645787
1477010467600000	-9.09435	10.5059	4.25542	-0.207846	-0.289483	lidar	0.0460376	-8.78899	11.0707	-8.79937	10.9001	5.19667	0.050248
1477010467650000	-8.92232	10.4025	4.13326	-0.236734	-0.296536	radar	1.81442	-8.83914	10.0319	-8.53953	10.9023	5.19759	0.0376992
1477010467700000	-8.72099	10.3544	4.13457	-0.251221	-0.296312	lidar	0.011391	-8.62045	10.6577	-8.27965	10.9039	5.19835	0.0269359
1477010467750000	-8.36415	10.4896	4.16759	-0.203934	-0.251974	radar	5.9047	-7.91543	11.1157	-8.01974	10.905	5.19896	0.0179617
1477010467800000	-8.15719	10.4496	4.17165	-0.215548	-0.251309	lidar	0.0792892	-7.51971	11.0005	-7.75979	10.9057	5.19942	0.0107791
1477010467850000	-7.8051	10.5261	4.18207	-0.177363	-0.211575	radar	4.05015	-7.25987	10.6458	-7.49981	10.9061	5.19975	0.00539029
1477010467900000	-7.59758	10.4905	4.18477	-0.187323	-0.211158	lidar	0.0335077	-7.15631	10.815	-7.23983	10.9063	5.19994	0.00179692
1477010467950000	-7.3536	10.5806	4.01836	-0.149488	-0.17132	radar	4.65318	-7.39396	11.0181	-6.97983	10.9064	5.2	-7.84874e-015
